SMA Analitical simulations

0	0
0,01	5,75337E-5
0,02	2,30975E-4
0,03	5,20071E-4
0,04	9,2486E-4
0,05	0,00145
0,06	0,00208
0,07	0,00283
0,08	0,0037
0,09	0,00469
0,1	0,00579
0,11	0,007
0,12	0,00834
0,13	0,00979
0,14	0,01136
0,15	0,01304
0,16	0,01484
0,17	0,01676
0,18	0,0188
0,19	0,02095
0,2	0,02323
0,21	0,02562
0,22	0,02813
0,23	0,03076
0,24	0,03352
0,25	0,03639
0,26	0,03938
0,27	0,04249
0,28	0,04572
0,29	0,04908
0,3	0,05256
0,31	0,05616
0,32	0,05988
0,33	0,06373
0,34	0,0677
0,35	0,07179
0,36	0,07601
0,37	0,08035
0,38	0,08483
0,39	0,08942
0,4	0,09415
0,41	0,099
0,42	0,10398
0,43	0,10909
0,44	0,11432
0,45	0,11969
0,46	0,12519
0,47	0,13082
0,48	0,13658
0,49	0,14247
0,5	0,1485
0,51	0,15466
0,52	0,16095
0,53	0,16738
0,54	0,17395
0,55	0,18065
0,56	0,18749
0,57	0,19446
0,58	0,20158
0,59	0,20883
0,6	0,21623
0,61	0,22376
0,62	0,23143
0,63	0,23925
0,64	0,24721
0,65	0,25531
0,66	0,26356
0,67	0,27195
0,68	0,28049
0,69	0,28917
0,7	0,298
0,71	0,30698
0,72	0,31611
0,73	0,32539
0,74	0,33481
0,75	0,34439
0,76	0,35412
0,77	0,364
0,78	0,37403
0,79	0,38422
0,8	0,39456
0,81	0,40506
0,82	0,41571
0,83	0,42652
0,84	0,43749
0,85	0,44861
0,86	0,4599
0,87	0,47134
0,88	0,48294
0,89	0,49471
0,9	0,50663
0,91	0,51872
0,92	0,53097
0,93	0,54339
0,94	0,55597
0,95	0,56871
0,96	0,58162
0,97	0,5947
0,98	0,60794
0,99	0,62135
1	0,63493
1,01	0,64868
1,02	0,66259
1,03	0,67668
1,04	0,69094
1,05	0,70537
1,06	0,71997
1,07	0,73474
1,08	0,74968
1,09	0,7648
1,1	0,78009
1,11	0,79556
1,12	0,81119
1,13	0,82701
1,14	0,843
1,15	0,85917
1,16	0,87551
1,17	0,89203
1,18	0,90872
1,19	0,9256
1,2	0,94265
1,21	0,95988
1,22	0,97729
1,23	0,99488
1,24	1,01264
1,25	1,03059
1,26	1,04871
1,27	1,06702
1,28	1,0855
1,29	1,10417
1,3	1,12301
1,31	1,14204
1,32	1,16124
1,33	1,18063
1,34	1,2002
1,35	1,21995
1,36	1,23987
1,37	1,25999
1,38	1,28028
1,39	1,30075
1,4	1,3214
1,41	1,34223
1,42	1,36325
1,43	1,38444
1,44	1,40582
1,45	1,42737
1,46	1,44911
1,47	1,47102
1,48	1,49312
1,49	1,51539
1,5	1,53785
1,51	1,56048
1,52	1,58329
1,53	1,60628
1,54	1,62944
1,55	1,65279
1,56	1,67631
1,57	1,70001
1,58	1,72388
1,59	1,74793
1,6	1,77215
1,61	1,79655
1,62	1,82113
1,63	1,84587
1,64	1,87079
1,65	1,89588
1,66	1,92114
1,67	1,94658
1,68	1,97218
1,69	1,99795
1,7	2,02389
1,71	2,05
1,72	2,07627
1,73	2,10271
1,74	2,12932
1,75	2,15609
1,76	2,18302
1,77	2,21012
1,78	2,23738
1,79	2,26479
1,8	2,29237
1,81	2,3201
1,82	2,348
1,83	2,37605
1,84	2,40425
1,85	2,43261
1,86	2,46111
1,87	2,48978
1,88	2,51859
1,89	2,54755
1,9	2,57665
1,91	2,60591
1,92	2,63531
1,93	2,66485
1,94	2,69454
1,95	2,72436
1,96	2,75433
1,97	2,78443
1,98	2,81467
1,99	2,84504
2	2,87555
2,01	2,90619
2,02	2,93697
2,03	2,96786
2,04	2,99889
2,05	3,03005
2,06	3,06132
2,07	3,09272
2,08	3,12424
2,09	3,15588
2,1	3,18764
2,11	3,21951
2,12	3,25149
2,13	3,28359
2,14	3,3158
2,15	3,34811
2,16	3,38053
2,17	3,41306
2,18	3,44569
2,19	3,47842
2,2	3,51125
2,21	3,54417
2,22	3,57719
2,23	3,61031
2,24	3,64351
2,25	3,67681
2,26	3,71019
2,27	3,74365
2,28	3,7772
2,29	3,81083
2,3	3,84453
2,31	3,87832
2,32	3,91218
2,33	3,94611
2,34	3,98011
2,35	4,01418
2,36	4,04831
2,37	4,08251
2,38	4,11677
2,39	4,15109
2,4	4,18547
2,41	4,2199
2,42	4,25439
2,43	4,28892
2,44	4,32351
2,45	4,35814
2,46	4,39281
2,47	4,42752
2,48	4,46228
2,49	4,49707
2,5	4,53189
2,51	4,56675
2,52	4,60164
2,53	4,63655
2,54	4,6715
2,55	4,70646
2,56	4,74144
2,57	4,77645
2,58	4,81147
2,59	4,8465
2,6	4,88154
2,61	4,9166
2,62	4,95166
2,63	4,98672
2,64	5,02179
2,65	5,05685
2,66	5,09192
2,67	5,12697
2,68	5,16203
2,69	5,19707
2,7	5,2321
2,71	5,26711
2,72	5,30211
2,73	5,33709
2,74	5,37205
2,75	5,40698
2,76	5,44189
2,77	5,47677
2,78	5,51162
2,79	5,54644
2,8	5,58122
2,81	5,61597
2,82	5,65067
2,83	5,68533
2,84	5,71995
2,85	5,75452
2,86	5,78905
2,87	5,82352
2,88	5,85794
2,89	5,8923
2,9	5,92661
2,91	5,96085
2,92	5,99504
2,93	6,02916
2,94	6,06321
2,95	6,09719
2,96	6,13111
2,97	6,16495
2,98	6,19871
2,99	6,2324


Numerical Simulations 

0	0
0,5612	0,1441
1,1224	0,4842
1,6836	0,6564
0,5331	0,1138
0,7741	0,2492
1,2426	0,5531
1,766	0,6501
1,0663	0,3948
1,2049	0,49
1,5481	0,6734
1,5994	0,6269
1,695	0,6277

0	0
0,4987	0,1005
0,525	0,1226
0,7241	0,2164
0,9974	0,3608
1,0499	0,4252
1,1271	0,4524
1,1623	0,4939
1,4482	0,6388
1,5749	0,6672
1,5855	0,6415
1,6519	0,6741
1,8278	0,6561
1,8641	0,6699
1,9948	0,6288

0	0
0,4702	0,0893
0,4949	0,1078
0,6827	0,1907
0,9404	0,3295
0,9899	0,3854
1,0627	0,4107
1,0959	0,445
1,3653	0,5851
1,4106	0,6072
1,4848	0,6762
1,4949	0,6464
1,5575	0,68
1,7232	0,6775
1,7575	0,6829
1,8807	0,6229
1,9448	0,6334
1,9797	0,6483
2,0348	0,6607
2,1253	0,6592
2,1917	0,6869	
	
0	1,3042
0,5331	1,2274
0,5612	1,1648
0,7741	1,1024
1,0663	1,0613
1,1224	0,9959
1,2049	1,0394
1,2426	0,9683
1,5481	0,8904
1,5994	0,9396
1,6836	0,9521
1,695	0,9611
1,766	0,9444
--	--
0,4987	1,2025
0,525	1,177
0,7241	1,1369
0,9974	1,0972
1,0499	1,0828
1,1271	0,979
1,1623	0,9698
1,4482	0,8532
1,5749	0,948
1,5855	0,8841
1,6519	0,9404
1,8278	0,9286
1,8641	0,9268
1,9948	0,8576
--	--
0	1,324
0,4702	1,2372
0,4949	1,2524
0,6827	1,1534
0,9899	1,0152
1,0627	0,979
1,0959	0,9891
1,3653	0,9273
1,4106	0,8552
1,4848	0,8392
1,4949	0,8453
1,5575	0,8978
1,7232	0,9136
1,7575	0,9189
2,0348	0,8552
2,1253	0,8889
2,1917	0,9109

0	1,4155
0,5331	1,273
0,5612	1,2407
0,7741	1,1739
1,0663	1,1525
1,1224	1,0674
1,2049	1,0575
1,2426	1,0176
1,5481	0,983
1,5994	0,9665
1,6836	1,0346
1,695	1,0074
--	--
0	1,4388
0,4987	1,2884
0,525	1,2528
0,7241	1,1764
0,9974	1,1298
1,0499	1,1316
1,1271	1,1082
1,1623	1,0771
1,4482	1,0351
1,5749	0,9504
1,5855	0,9475
1,6519	0,9422
1,8278	1,0199
1,8641	1,0463
1,9948	1,0478
--	--
0	1,4666
0,4702	1,3161
0,4949	1,3002
0,6827	1,2308
0,9404	1,0839
0,9899	1,1424
1,0627	1,026
1,0959	1,0863
1,3653	1,0149
1,4106	0,8935
1,4949	0,8996
1,5575	0,9006
1,7232	0,9638
1,7575	1,0336
1,8807	1,0769
1,9448	1,0912
1,9797	1,1172
2,0348	1,1183
2,048	1,068
2,1253	1,0938
2,1917	1,1281
