Experiment

1,53799	2099,10074
1,53798	2099,45215
1,53797	2098,2496
1,53795	2098,8429
1,53794	2098,54678
1,53793	2097,71132
1,53792	2098,86178
1,5379	2098,33493
1,53789	2099,19378
1,53788	2098,91733
1,53787	2098,64407
1,53785	2098,92185
1,53784	2098,64274
1,53783	2098,31393
1,53782	2098,92291
1,5378	2099,16002
1,53779	2098,916
1,53778	2099,44099
1,53777	2099,12228
1,53775	2098,0824
1,53774	2099,38278
1,53773	2099,72355
1,53772	2099,1361
1,5377	2098,66614
1,53769	2098,92398
1,53768	2098,57895
1,53767	2099,13317
1,53765	2098,68448
1,53764	2098,07709
1,53763	2100,22432
1,53762	2099,67119
1,5376	2099,12467
1,53759	2098,55502
1,53758	2099,40271
1,53756	2099,98698
1,53755	2098,54572
1,53754	2098,84955
1,53753	2098,52499
1,53751	2098,22089
1,5375	2098,51675
1,53749	2099,39208
1,53748	2099,0731
1,53746	2098,4261
1,53745	2097,84264
1,53744	2099,04466
1,53743	2099,32297
1,53741	2098,4261
1,5374	2098,99335
1,53739	2098,78655
1,53738	2098,08267
1,53736	2099,06326
1,53735	2098,42424
1,53734	2099,67331
1,53733	2098,71212
1,53731	2098,11058
1,5373	2097,84211
1,53729	2098,44418
1,53728	2099,02339
1,53726	2101,15843
1,53725	2098,15098
1,53724	2099,70946
1,53723	2099,04732
1,53721	2097,80303
1,5372	2098,10659
1,53719	2100,26005
1,53718	2099,3243
1,53716	2099,021
1,53715	2097,81074
1,53714	2098,10367
1,53713	2099,34131
1,53711	2099,04944
1,5371	2097,74987
1,53709	2098,0949
1,53707	2099,34848
1,53706	2099,66241
1,53705	2096,6135
1,53704	2099,05157
1,53702	2099,96704
1,53701	2098,44152
1,537	2098,12892
1,53699	2099,06778
1,53697	2099,36124
1,53696	2099,0412
1,53695	2099,90633
1,53694	2099,311
1,53692	2098,97262
1,53691	2098,72275
1,5369	2098,45109
1,53689	2099,01994
1,53687	2098,69883
1,53686	2099,03083
1,53685	2099,9181
1,53684	2098,41441
1,53682	2099,36842
1,53681	2099,33068
1,5368	2098,45508
1,53679	2097,83599
1,53677	2098,80303
1,53676	2099,66879
1,53675	2099,00904
1,53674	2099,39128
1,53672	2098,77379
1,53671	2099,96178
1,5367	2098,21505
1,53669	2097,02552
1,53667	2099,09755
1,53666	2099,38251
1,53665	2099,07363
1,53664	2099,39128
1,53662	2100,19551
1,53661	2097,97023
1,5366	2099,06433
1,53659	2099,36443
1,53657	2098,75226
1,53656	2098,20388
1,53655	2098,18687
1,53654	2099,15205
1,53652	2099,374
1,53651	2098,47608
1,5365	2101,14327
1,53649	2098,47608
1,53647	2099,04253
1,53646	2099,62547
1,53645	2100,26023
1,53644	2099,12706
1,53642	2098,52446
1,53641	2098,84104
1,5364	2097,72807
1,53639	2098,79984
1,53637	2099,66614
1,53636	2099,0832
1,53635	2099,67198
1,53634	2099,66746
1,53632	2098,85061
1,53631	2099,46039
1,5363	2098,29798
1,53629	2098,53695
1,53627	2099,11643
1,53626	2099,3126
1,53625	2099,66826
1,53624	2098,53429
1,53622	2099,92557
1,53621	2097,18235
1,5362	2100,47554
1,53618	2098,84822
1,53617	2099,98733
1,53616	2097,71079
1,53615	2098,03402
1,53613	2098,88437
1,53612	2099,94522
1,53611	2099,4051
1,5361	2099,14673
1,53608	2099,98464
1,53607	2099,10633
1,53606	2099,15072
1,53605	2100,22392
1,53603	2100,51409
1,53602	2098,86789
1,53601	2098,81154
1,536	2098,87879
1,53598	2099,93166
1,53597	2099,09064
1,53596	2098,82988
1,53595	2099,96183
1,53593	2097,64806
1,53592	2098,25997
1,53591	2099,96574
1,5359	2099,08214
1,53588	2099,64567
1,53587	2098,52313
1,53586	2100,81047
1,53585	2099,95968
1,53583	2099,66029
1,53582	2099,07682
1,53581	2100,48139
1,5358	2099,94511
1,53578	2099,33599
1,53577	2100,51595
1,53576	2100,80755
1,53575	2100,78788
1,53573	2099,33546
1,53572	2099,93376
1,53571	2099,43727
1,5357	2100,46013
1,53568	2098,73046
1,53567	2100,21861
1,53566	2098,80941
1,53565	2099,70946
1,53563	2099,33759
1,53562	2101,37081
1,53561	2100,22422
1,5356	2101,42557
1,53558	2098,47661
1,53557	2100,29825
1,53556	2100,27326
1,53555	2098,99841
1,53553	2100,82642
1,53552	2099,92815
1,53551	2101,41122
1,5355	2100,56592
1,53548	2099,9429
1,53547	2100,23224
1,53546	2099,64381
1,53545	2100,26741
1,53543	2101,43993
1,53542	2099,35274
1,53541	2100,2298
1,5354	2101,39261
1,53538	2100,82217
1,53537	2101,13371
1,53536	2099,64886
1,53535	2099,04386
1,53533	2099,58612
1,53532	2099,57549
1,53531	2098,74588
1,5353	2099,30675
1,53529	2098,42504
1,53527	2098,45215
1,53526	2099,02818
1,53525	2098,50452
1,53524	2099,30914
1,53522	2099,36204
1,53521	2100,22241
1,5352	2099,90619
1,53519	2099,93389
1,53517	2099,94216
1,53516	2098,49973
1,53515	2097,95428
1,53514	2097,95534
1,53512	2099,92679
1,53511	2098,52047
1,5351	2099,15205
1,53509	2098,82004
1,53507	2097,69989
1,53506	2099,69989
1,53505	2099,189
1,53504	2100,20667
1,53502	2098,31393
1,53501	2101,04705
1,535	2099,36789
1,53499	2099,11962
1,53497	2099,45614
1,53496	2099,39713
1,53495	2100,26874
1,53494	2100,17982
1,53492	2102,16454
1,53491	2099,66215
1,5349	2099,668
1,53489	2099,66507
1,53487	2098,5622
1,53486	2101,30835
1,53485	2099,38251
1,53484	2099,67757
1,53482	2101,58214
1,53481	2099,40245
1,5348	2098,81393
1,53479	2099,11138
1,53477	2101,04173
1,53476	2099,39155
1,53475	2098,50718
1,53474	2101,02977
1,53472	2099,94785
1,53471	2098,75944
1,5347	2099,95683
1,53469	2101,10659
1,53467	2100,26356
1,53466	2099,3631
1,53465	2098,73153
1,53464	2099,62068
1,53462	2101,79107
1,53461	2098,99522
1,5346	2099,01595
1,53459	2100,24442
1,53457	2098,98405
1,53456	2100,25582
1,53455	2099,27671
1,53454	2100,28947
1,53452	2098,64753
1,53451	2098,91414
1,5345	2098,67677
1,53449	2098,41095
1,53447	2100,50319
1,53446	2098,95348
1,53445	2100,85274
1,53444	2098,95136
1,53442	2098,97156
1,53441	2100,53083
1,5344	2098,35566
1,53439	2098,98325
1,53438	2100,86736
1,53436	2098,73153
1,53435	2099,93158
1,53434	2099,93809
1,53433	2099,64301
1,53431	2100,16837
1,5343	2100,22701
1,53429	2098,23578
1,53428	2098,55635
1,53426	2099,06938
1,53425	2098,84264
1,53424	2098,26316
1,53423	2100,78389
1,53421	2099,96013
1,5342	2101,04652
1,53419	2101,05369
1,53418	2101,38517
1,53416	2099,9261
1,53415	2098,48219
1,53414	2101,40883
1,53413	2099,94631
1,53411	2099,01356
1,5341	2100,80569
1,53409	2098,65896
1,53408	2102,395
1,53406	2101,1672
1,53405	2100,55582
1,53404	2098,95906
1,53403	2099,3017
1,53401	2101,13503
1,534	2099,90284
1,53399	2102,11829
1,53398	2099,95627
1,53396	2100,2538
1,53395	2099,59357
1,53394	2099,87714
1,53393	2098,69724
1,53392	2101,13131
1,5339	2100,80223
1,53389	2100,76821
1,53388	2103,19245
1,53387	2101,69856
1,53385	2100,17477
1,53384	2101,62068
1,53383	2101,31871
1,53382	2101,06486
1,5338	2099,12307
1,53379	2101,01196
1,53378	2100,72621
1,53377	2099,66773
1,53375	2101,01116
1,53374	2100,23155
1,53373	2099,64965
1,53372	2100,2799
1,5337	2099,38809
1,53369	2100,15957
1,53368	2099,37374
1,53367	2102,24322
1,53365	2098,80595
1,53364	2102,17039
1,53363	2101,40032
1,53362	2103,41042
1,5336	2100,48644
1,53359	2101,3344
1,53358	2100,54173
1,53357	2101,91148
1,53356	2100,47953
1,53354	2101,07735
1,53353	2099,05635
1,53352	2101,02924
1,53351	2099,07895
1,53349	2101,02818
1,53348	2102,18846
1,53347	2101,36975
1,53346	2102,52127
1,53344	2103,84104
1,53343	2100,27725
1,53342	2100,48644
1,53341	2103,25093
1,53339	2104,1866
1,53338	2101,18102
1,53337	2103,96066
1,53336	2100,51249
1,53334	2102,40696
1,53333	2105,80011
1,53332	2102,10739
1,53331	2102,08533
1,53329	2104,32749
1,53328	2103,04359
1,53327	2101,82775
1,53326	2103,08612
1,53324	2101,51276
1,53323	2103,09144
1,53322	2102,76449
1,53321	2103,71877
1,5332	2104,09357
1,53318	2103,1446
1,53317	2102,52632
1,53316	2105,10101
1,53315	2103,80383
1,53313	2102,79638
1,53312	2106,9697
1,53311	2103,8118
1,5331	2102,84423
1,53308	2105,74428
1,53307	2104,55077
1,53306	2105,73897
1,53305	2105,40936
1,53303	2105,41467
1,53302	2106,05263
1,53301	2107,87879
1,533	2105,24987
1,53298	2107,66348
1,53297	2106,8554
1,53296	2109,6252
1,53295	2106,6135
1,53294	2106,88995
1,53292	2109,24242
1,53291	2103,82775
1,5329	2107,98246
1,53289	2106,70388
1,53287	2107,21159
1,53286	2111,64806
1,53285	2109,01648
1,53284	2108,12865
1,53282	2111,97767
1,53281	2109,87507
1,5328	2111,0739
1,53279	2111,33705
1,53277	2114,4152
1,53276	2112,56778
1,53275	2115,19139
1,53274	2114,61191
1,53272	2113,46624
1,53271	2112,55183
1,5327	2114,4152
1,53269	2116,99096
1,53268	2118,68155
1,53266	2118,7932
1,53265	2121,11111
1,53264	2120,72834
1,53263	2120,48379
1,53261	2119,28495
1,5326	2118,126
1,53259	2119,50558
1,53258	2121,26794
1,53256	2126,4992
1,53255	2123,20043
1,53254	2127,06007
1,53253	2128,73472
1,53251	2139,39394
1,5325	2139,04838
1,53249	2149,81393
1,53248	2150,23923
1,53246	2160,92504
1,53245	2155,6353
1,53244	2166,08187
1,53243	2173,65763
1,53242	2200,5848
1,5324	2222,75385
1,53239	2241,38756
1,53238	2255,36948
1,53237	2271,31845
1,53235	2286,4168
1,53234	2284,3966
1,53233	2326,18288
1,53232	2316,50718
1,5323	2304,59862
1,53229	2292,82297
1,53228	2306,45933
1,53227	2320,68049
1,53225	2317,54386
1,53224	2325,38543
1,53223	2334,05104
1,53222	2394,52419
1,53221	2390,80276
1,53219	2433,06752
1,53218	2540,4572
1,53217	2605,05051
1,53216	2694,63052
1,53214	2878,30941
1,53213	3099,46837
1,53212	3537,26741
1,53211	4439,71292
1,53209	6398,24561
1,53208	11528,49548
1,53207	22514,67305
1,53206	22323,28549
1,53204	22224,93355
1,53203	22129,23977
1,53202	21972,40829
1,53201	21799,62786
1,532	21547,1026
1,53198	3647,58107
1,53197	3231,57895
1,53196	2966,56034
1,53195	2841,89261
1,53193	2684,79532
1,53192	2626,58161
1,53191	2560,92504
1,5319	2511,74907
1,53188	2472,93993
1,53187	2451,94046
1,53186	2426,1563
1,53185	2433,86497
1,53183	2377,77778
1,53182	2385,48644
1,53181	2377,24615
1,5318	2369,53748
1,53179	2332,72196
1,53177	2322,03615
1,53176	2343,647
1,53175	2324,80064
1,53174	2307,07071
1,53172	2316,64009
1,53171	2308,958
1,5317	2310,9782
1,53169	2314,27432
1,53167	2304,46571
1,53166	2329,93089
1,53165	2308,63902
1,53164	2323,68421
1,53163	2327,69803
1,53161	2326,36895
1,5316	2323,8437
1,53159	2330,1967
1,53158	2337,24083
1,53156	2329,34609
1,53155	2340,3243
1,53154	2337,95853
1,53153	2330,0638
1,53151	2334,44976
1,5315	2326,82084
1,53149	2320,41467
1,53148	2309,38331
1,53146	2317,09197
1,53145	2315,49708
1,53144	2300,13291
1,53143	2295,58745
1,53142	2275,94365
1,5314	2274,37533
1,53139	2245,9596
1,53138	2242,74322
1,53137	2234,05104
1,53135	2229,93089
1,53134	2221,15896
1,53133	2214,03509
1,53132	2200,66454
1,5313	2195,87985
1,53129	2180,30303
1,53128	2185,14088
1,53127	2179,13344
1,53126	2170,12228
1,53124	2167,70335
1,53123	2168,12865
1,53122	2172,56778
1,53121	2165,52366
1,53119	2170,73365
1,53118	2170,49442
1,53117	2176,98033
1,53116	2175,91707
1,53114	2186,36364
1,53113	2185,00797
1,53112	2197,23551
1,53111	2203,05688
1,5311	2215,36417
1,53108	2223,97661
1,53107	2223,07283
1,53106	2252,63158
1,53105	2267,46411
1,53103	2277,69803
1,53102	2307,57576
1,53101	2325,91707
1,531	2325,06645
1,53098	2356,45933
1,53097	2388,41042
1,53096	2401,96704
1,53095	2420,04253
1,53094	2471,61085
1,53092	2495,80011
1,53091	2510,68581
1,5309	2511,74907
1,53089	2537,79904
1,53087	2534,87507
1,53086	2564,91228
1,53085	2559,86178
1,53084	2570,49442
1,53082	2552,68474
1,53081	2568,36789
1,5308	2540,4572
1,53079	2556,9378
1,53078	2504,0404
1,53076	2483,57257
1,53075	2489,95215
1,53074	2447,95322
1,53073	2434,13078
1,53071	2398,77725
1,5307	2370,06911
1,53069	2353,48219
1,53068	2332,13716
1,53066	2289,42052
1,53065	2278,33599
1,53064	2258,16055
1,53063	2242,53057
1,53062	2233,35991
1,5306	2221,13238
1,53059	2208,2403
1,53058	2198,05954
1,53057	2188,41042
1,53055	2187,18767
1,53054	2173,92344
1,53053	2169,19192
1,53052	2162,81233
1,5305	2158,42637
1,53049	2150,90377
1,53048	2145,00266
1,53047	2151,27592
1,53046	2147,26209
1,53044	2142,98246
1,53043	2139,47368
1,53042	2132,61563
1,53041	2137,4269
1,53039	2128,38915
1,53038	2128,36257
1,53037	2124,35141
1,53036	2129,69165
1,53035	2127,4588
1,53033	2128,62839
1,53032	2124,43647
1,53031	2121,78097
1,5303	2121,11909
1,53028	2119,55077
1,53027	2118,77725
1,53026	2118,83573
1,53025	2114,3328
1,53023	2117,96119
1,53022	2115,99681
1,53021	2117,45082
1,5302	2110,59809
1,53019	2113,38118
1,53017	2113,89686
1,53016	2115,00532
1,53015	2113,00372
1,53014	2114,1547
1,53012	2112,5093
1,53011	2110,8453
1,5301	2110,59809
1,53009	2112,18501
1,53008	2107,96385
1,53006	2111,01276
1,53005	2109,86709
1,53004	2109,35673
1,53003	2105,07443
1,53001	2108,50877
1,53	2110,25518


1,53801	2101,23
1,53799	2099,62636
1,53798	2098,67409
1,53797	2096,10455
1,53796	2101,39318
1,53794	2101,24955
1,53793	2101,84505
1,53792	2099,785
1,5379	2100,29409
1,53789	2100,78682
1,53788	2096,88636
1,53787	2099,84727
1,53785	2098,95682
1,53784	2099,50955
1,53783	2101,33409
1,53782	2100,40955
1,5378	2100,42909
1,53779	2097,65
1,53778	2100,76636
1,53777	2099,51909
1,53775	2099,91909
1,53774	2098,58318
1,53773	2099,01636
1,53772	2097,55455
1,5377	2099,91
1,53769	2101,21727
1,53768	2102,25542
1,53767	2098,95227
1,53765	2099,07182
1,53764	2097,66364
1,53763	2098,92091
1,53762	2098,95318
1,5376	2100,02318
1,53759	2098,07545
1,53758	2102,19527
1,53757	2097,45
1,53755	2099,34273
1,53754	2099,80182
1,53753	2101,25136
1,53751	2100,31409
1,5375	2101,72864
1,53749	2098,83818
1,53748	2098,27955
1,53746	2098,73545
1,53745	2098,22955
1,53744	2099,70409
1,53743	2099,14773
1,53741	2100,09955
1,5374	2100,65909
1,53739	2100,63909
1,53738	2100,58955
1,53736	2095,90455
1,53735	2097,93273
1,53734	2099,67364
1,53733	2098,99409
1,53731	2100,67091
1,5373	2100,10227
1,53729	2099,63273
1,53728	2095,90455
1,53726	2098,52364
1,53725	2098,58273
1,53724	2099,61227
1,53723	2098,54273
1,53721	2099,63227
1,5372	2101,16273
1,53719	2098,16864
1,53718	2099,605
1,53716	2100,08818
1,53715	2103,78227
1,53714	2101,12545
1,53713	2100,05955
1,53711	2101,125
1,5371	2100,10773
1,53709	2101,13091
1,53708	2097,98818
1,53706	2100,11955
1,53705	2098,95273
1,53704	2098,49091
1,53702	2096,96818
1,53701	2099,62364
1,537	2102,68427
1,53699	2098,59682
1,53697	2099,14091
1,53696	2100,12227
1,53695	2099,59227
1,53694	2099,11909
1,53692	2100,66
1,53691	2100,11091
1,5369	2098,97182
1,53689	2099,52636
1,53687	2100,51591
1,53686	2099,56682
1,53685	2098,05818
1,53684	2098,51
1,53682	2100,57136
1,53681	2099,56773
1,5368	2101,61
1,53679	2097,48182
1,53677	2099,64455
1,53676	2099,58364
1,53675	2100,655
1,53674	2099,08136
1,53672	2098,19318
1,53671	2099,16045
1,5367	2099,05318
1,53669	2100,72409
1,53667	2099,17227
1,53666	2102,20736
1,53665	2099,22045
1,53664	2099,63636
1,53662	2098,76909
1,53661	2098,77409
1,5366	2101,17636
1,53659	2100,255
1,53657	2101,13636
1,53656	2098,80182
1,53655	2099,19409
1,53654	2100,19409
1,53652	2099,14727
1,53651	2098,70591
1,5365	2099,17227
1,53649	2099,84182
1,53647	2099,73182
1,53646	2100,15727
1,53645	2101,77045
1,53644	2098,68636
1,53642	2100,14545
1,53641	2101,63227
1,5364	2099,29455
1,53639	2100,29364
1,53637	2100,715
1,53636	2099,33636
1,53635	2099,81318
1,53634	2098,30909
1,53632	2096,89545
1,53631	2101,66364
1,5363	2098,36227
1,53629	2099,80273
1,53627	2099,83545
1,53626	2100,87727
1,53625	2100,31364
1,53624	2098,81909
1,53622	2101,23773
1,53621	2098,73136
1,5362	2098,87
1,53619	2100,71773
1,53617	2099,77091
1,53616	2100,77273
1,53615	2098,82591
1,53613	2099,83
1,53612	2098,48136
1,53611	2099,77455
1,5361	2097,965
1,53608	2100,365
1,53607	2098,43227
1,53606	2102,65405
1,53605	2101,74909
1,53603	2098,02364
1,53602	2099,805
1,53601	2098,94682
1,536	2100,30364
1,53598	2098,92136
1,53597	2098,46545
1,53596	2099,30182
1,53595	2101,29909
1,53593	2098,35545
1,53592	2101,19773
1,53591	2098,34955
1,5359	2100,28818
1,53588	2100,65
1,53587	2102,20773
1,53586	2098,30909
1,53585	2099,22909
1,53583	2099,70045
1,53582	2098,27682
1,53581	2101,19955
1,5358	2099,24818
1,53578	2100,21727
1,53577	2100,69409
1,53576	2099,62909
1,53575	2102,17886
1,53573	2099,66182
1,53572	2100,70182
1,53571	2099,73091
1,5357	2098,71318
1,53568	2101,62409
1,53567	2101,67091
1,53566	2100,82091
1,53565	2099,61727
1,53563	2100,10182
1,53562	2100,64227
1,53561	2100,23682
1,5356	2099,72364
1,53558	2100,11591
1,53557	2097,45909
1,53556	2098,58773
1,53555	2100,64773
1,53553	2101,18909
1,53552	2097,66364
1,53551	2099,67273
1,5355	2095,98182
1,53548	2102,16091
1,53547	2100,63909
1,53546	2099,65455
1,53545	2099,19182
1,53543	2099,65864
1,53542	2101,15409
1,53541	2102,67364
1,5354	2100,20682
1,53538	2101,69273
1,53537	2099,65409
1,53536	2099,65091
1,53535	2098,60273
1,53533	2097,10909
1,53532	2098,61409
1,53531	2100,12955
1,5353	2101,15591
1,53528	2098,97091
1,53527	2098,98091
1,53526	2100,63727
1,53525	2098,03182
1,53524	2099,57955
1,53522	2100,13455
1,53521	2099,09182
1,5352	2100,72727
1,53519	2100,08318
1,53517	2099,67909
1,53516	2100,65636
1,53515	2099,62136
1,53514	2100,67182
1,53512	2099,725
1,53511	2098,24864
1,5351	2098,77455
1,53509	2099,25773
1,53507	2100,23636
1,53506	2099,27
1,53505	2100,35409
1,53504	2099,31409
1,53502	2098,33955
1,53501	2099,41091
1,535	2099,00591
1,53499	2098,85636
1,53497	2100,32773
1,53496	2099,83364
1,53495	2099,78545
1,53494	2100,29909
1,53492	2099,46864
1,53491	2099,84455
1,5349	2099,94636
1,53489	2099,31864
1,53487	2097,09091
1,53486	2102,16391
1,53485	2099,83136
1,53484	2100,76045
1,53482	2100,28682
1,53481	2099,28273
1,5348	2100,74091
1,53479	2099,33136
1,53477	2101,64182
1,53476	2100,77318
1,53475	2099,76773
1,53474	2103,13955
1,53472	2099,28864
1,53471	2099,34409
1,5347	2101,13727
1,53469	2101,65545
1,53467	2099,30682
1,53466	2100,63409
1,53465	2100,25682
1,53464	2100,71545
1,53462	2099,23364
1,53461	2100,68
1,5346	2099,59727
1,53459	2100,60136
1,53457	2101,69045
1,53456	2101,08273
1,53455	2100,05727
1,53454	2099,48364
1,53452	2098,92682
1,53451	2100,02318
1,5345	2101,03591
1,53449	2099,03455
1,53447	2098,36318
1,53446	2099,355
1,53445	2098,95636
1,53444	2100,08273
1,53442	2099,42045
1,53441	2101,54864
1,5344	2101,07182
1,53439	2099,94591
1,53437	2098,90955
1,53436	2101,04455
1,53435	2102,66464
1,53434	2099,47273
1,53433	2099,03909
1,53431	2100,61773
1,5343	2100,12136
1,53429	2101,66273
1,53428	2104,15545
1,53426	2100,08727
1,53425	2101,17955
1,53424	2100,73273
1,53423	2099,80409
1,53421	2100,68136
1,5342	2100,76909
1,53419	2098,35727
1,53418	2101,71727
1,53416	2102,20455
1,53415	2099,30273
1,53414	2101,66591
1,53413	2100,27636
1,53411	2099,20727
1,5341	2100,67
1,53409	2099,64
1,53408	2099,12045
1,53406	2104,75364
1,53405	2101,52591
1,53404	2099,43909
1,53403	2100,37273
1,53401	2100,975
1,534	2100,47955
1,53399	2101,04182
1,53398	2099,43955
1,53396	2099,35818
1,53395	2101,035
1,53394	2100,55227
1,53393	2099,52773
1,53391	2099,50773
1,5339	2103,17955
1,53389	2099,94045
1,53388	2098,99045
1,53387	2100,57091
1,53385	2100,57773
1,53384	2100,05273
1,53383	2099,24227
1,53382	2098,76864
1,5338	2102,08327
1,53379	2100,69091
1,53378	2102,60614
1,53377	2101,23364
1,53375	2100,77318
1,53374	2102,10368
1,53373	2100,66409
1,53372	2101,70455
1,5337	2098,78818
1,53369	2101,71682
1,53368	2101,19409
1,53367	2102,27176
1,53365	2097,34091
1,53364	2101,56773
1,53363	2099,74227
1,53362	2098,80455
1,5336	2100,71591
1,53359	2099,135
1,53358	2099,27636
1,53357	2101,24818
1,53355	2101,16318
1,53354	2099,22273
1,53353	2099,34
1,53352	2099,22955
1,53351	2099,685
1,53349	2101,68455
1,53348	2100,65909
1,53347	2099,14409
1,53346	2100,20909
1,53344	2100,12818
1,53343	2100,10773
1,53342	2099,62091
1,53341	2102,02877
1,53339	2100,69182
1,53338	2102,23374
1,53337	2100,52773
1,53336	2099,52818
1,53334	2100,50091
1,53333	2099,00273
1,53332	2102,14532
1,53331	2102,08559
1,53329	2104,79636
1,53328	2101,51682
1,53327	2102,13595
1,53326	2101,58727
1,53324	2099,56545
1,53323	2101,61727
1,53322	2100,03909
1,53321	2103,23773
1,53319	2099,43864
1,53318	2101,57182
1,53317	2100,47273
1,53316	2102,64691
1,53315	2098,34136
1,53313	2100,46727
1,53312	2101,05545
1,53311	2101,03318
1,5331	2101,57591
1,53308	2102,62586
1,53307	2104,81227
1,53306	2100,51091
1,53305	2100,50636
1,53303	2101,56409
1,53302	2100,02909
1,53301	2103,19091
1,533	2103,21727
1,53298	2101,61818
1,53297	2103,28364
1,53296	2108,13182
1,53295	2104,82227
1,53293	2104,84318
1,53292	2104,62136
1,53291	2105,73591
1,5329	2103,15182
1,53289	2104,73364
1,53287	2106,24909
1,53286	2100,62409
1,53285	2105,73955
1,53284	2104,14182
1,53282	2106,59273
1,53281	2103,66545
1,5328	2103,58182
1,53279	2105,135
1,53277	2105,64545
1,53276	2106,10182
1,53275	2104,20727
1,53274	2103,71773
1,53272	2107,57727
1,53271	2103,49455
1,5327	2108,06818
1,53269	2108,10455
1,53267	2104,64591
1,53266	2107,53636
1,53265	2108,41818
1,53264	2108,93636
1,53263	2109,91364
1,53261	2111,25
1,5326	2112,27273
1,53259	2113,35909
1,53258	2112,87727
1,53256	2116,72273
1,53255	2113,79091
1,53254	2119,14091
1,53253	2120,17727
1,53251	2117,22727
1,5325	2115,36818
1,53249	2124,36818
1,53248	2123,58636
1,53246	2135,86818
1,53245	2138,41818
1,53244	2154,72727
1,53243	2165,63636
1,53241	2183,86364
1,5324	2174,22727
1,53239	2170
1,53238	2186,77273
1,53237	2179,81818
1,53235	2196,59091
1,53234	2199,40909
1,53233	2194
1,53232	2212,22727
1,5323	2197,36364
1,53229	2215,36364
1,53228	2209,31818
1,53227	2226,09091
1,53225	2241,27273
1,53224	2246,86364
1,53223	2275,40909
1,53222	2312,13636
1,5322	2338,63636
1,53219	2396,13636
1,53218	2515,18182
1,53217	2687,72727
1,53216	3001,81818
1,53214	3024,54545
1,53213	3375,45455
1,53212	4562,27273
1,53211	8702,27273
1,53209	25811,36364
1,53208	38652,27273
1,53207	38461,36364
1,53206	38197,72727
1,53204	9079,54545
1,53203	4489,54545
1,53202	5493,63636
1,53201	12038,63636
1,53199	36515,90909
1,53198	36352,27273
1,53197	36084,09091
1,53196	21820,45455
1,53195	5090,45455
1,53193	2902,27273
1,53192	2623,18182
1,53191	2530,36364
1,5319	2566,81818
1,53188	2680,90909
1,53187	2467,31818
1,53186	2338,31818
1,53185	2288,68182
1,53183	2241,54545
1,53182	2248,36364
1,53181	2231,13636
1,5318	2235,77273
1,53178	2239,36364
1,53177	2235,5
1,53176	2219,90909
1,53175	2215,40909
1,53174	2212,45455
1,53172	2221,54545
1,53171	2219,72727
1,5317	2227,72727
1,53169	2231,72727
1,53167	2244,72727
1,53166	2247,27273
1,53165	2253,13636
1,53164	2253,22727
1,53162	2264,36364
1,53161	2286,40909
1,5316	2294,45455
1,53159	2305,18182
1,53158	2325,09091
1,53156	2337,27273
1,53155	2324,40909
1,53154	2326,09091
1,53153	2319,09091
1,53151	2333,22727
1,5315	2325,04545
1,53149	2321,86364
1,53148	2320,54545
1,53146	2295,5
1,53145	2276,04545
1,53144	2266,31818
1,53143	2260,09091
1,53141	2247,18182
1,5314	2220,77273
1,53139	2200,22727
1,53138	2182,18182
1,53137	2172,54545
1,53135	2155,36364
1,53134	2145,21818
1,53133	2146,31364
1,53132	2138,72273
1,5313	2141,80909
1,53129	2132,12727
1,53128	2121,66818
1,53127	2129,99545
1,53125	2121,87727
1,53124	2124,66818
1,53123	2124,56364
1,53122	2117,64091
1,53121	2121,35909
1,53119	2117,84091
1,53118	2116,34091
1,53117	2113,97273
1,53116	2116,43636
1,53114	2113,48182
1,53113	2120,20455
1,53112	2115,92273
1,53111	2115,50909
1,53109	2111,55909
1,53108	2113,05455
1,53107	2113,98636
1,53106	2119,46818
1,53105	2119,12273
1,53103	2119,61364
1,53102	2119,28636
1,53101	2120,65
1,531	2126,15455
1,53098	2119,22727
1,53097	2129,10909
1,53096	2130,43182
1,53095	2130,75909
1,53093	2127,06364
1,53092	2130,16818
1,53091	2124,89091
1,5309	2144,34091
1,53089	2125,76818
1,53087	2137,65
1,53086	2139,21364
1,53085	2132,93182
1,53084	2134,21818
1,53082	2129,87727
1,53081	2127,10455
1,5308	2116,98636
1,53079	2124,28182
1,53077	2117,84545
1,53076	2125,67727
1,53075	2115,59091
1,53074	2111,36364
1,53073	2107,53182
1,53071	2108,55455
1,5307	2111,16818
1,53069	2108,47273
1,53068	2102,58891
1,53066	2101,57455
1,53065	2106,805
1,53064	2102,18582
1,53063	2103,15773
1,53061	2104,15318
1,5306	2105,00591
1,53059	2102,13268
1,53058	2100,16864
1,53057	2103,70273
1,53055	2100,60727
1,53054	2101,09182
1,53053	2100,63545
1,53052	2101,075
1,5305	2100,61273
1,53049	2101,65318
1,53048	2100,20773
1,53047	2102,65286
1,53045	2098,60318
1,53044	2101,18182
1,53043	2101,53
1,53042	2101,66545
1,53041	2100,19455
1,53039	2099,22727
1,53038	2098,66364
1,53037	2100,14955
1,53036	2098,32682
1,53034	2100,70409
1,53033	2100,76955
1,53032	2102,15886
1,53031	2102,65786
1,5303	2101,18
1,53028	2101,26909
1,53027	2101,61091
1,53026	2100,63591
1,53025	2100,81
1,53023	2099,22773
1,53022	2102,13605
1,53021	2100,25182
1,5302	2102,10045
1,53018	2101,60136
1,53017	2096,4
1,53016	2100,33318
1,53015	2100,22091
1,53014	2102,56305
1,53012	2098,21909
1,53011	2101,16864
1,5301	2101,68318
1,53009	2101,20273
1,53007	2101,275
1,53006	2102,66541
1,53005	2101,62909
1,53004	2099,73682
1,53003	2100,77818
1,53001	2100,13818
1,53	2100,58455


1,53801	1596,51773
1,53799	1597,43273
1,53798	1598,045
1,53797	1598,52364
1,53795	1595,51455
1,53794	1597,515
1,53793	1596,08636
1,53792	1600,44945
1,5379	1599,02864
1,53789	1597,69818
1,53788	1598,14864
1,53787	1598,13682
1,53785	1598,61455
1,53784	1598,60045
1,53783	1597,11682
1,53782	1596,79045
1,5378	1596,72909
1,53779	1599,52364
1,53778	1596,74364
1,53777	1597,58045
1,53775	1600,38573
1,53774	1599,85682
1,53773	1598,61591
1,53772	1598,06182
1,5377	1598,63909
1,53769	1597,69864
1,53768	1597,10909
1,53767	1597,59909
1,53765	1600,03471
1,53764	1598,53
1,53763	1597,15636
1,53762	1598,49136
1,5376	1596,11455
1,53759	1597,52909
1,53758	1598,49727
1,53756	1597,55727
1,53755	1600,42745
1,53754	1597,05455
1,53753	1598,45818
1,53751	1598,93682
1,5375	1596,45909
1,53749	1595,90273
1,53748	1597,38818
1,53746	1598,345
1,53745	1596,31091
1,53744	1598,89182
1,53743	1597,26636
1,53741	1597,83364
1,5374	1598,27864
1,53739	1597,925
1,53738	1597,24682
1,53736	1596,82045
1,53735	1597,30545
1,53734	1595,79909
1,53733	1596,75591
1,53731	1597,28727
1,5373	1599,40136
1,53729	1598,37
1,53728	1596,27
1,53726	1599,92709
1,53725	1597,86409
1,53724	1596,41136
1,53723	1596,29409
1,53721	1595,71909
1,5372	1598,87227
1,53719	1597,79136
1,53718	1596,72864
1,53716	1598,85227
1,53715	1600,46636
1,53714	1598,33318
1,53713	1596,24182
1,53711	1598,37455
1,5371	1598,79
1,53709	1598,83864
1,53707	1596,26773
1,53706	1596,83273
1,53705	1596,79227
1,53704	1598,89182
1,53702	1596,86818
1,53701	1597,84955
1,537	1597,31955
1,53699	1596,84636
1,53697	1600,46818
1,53696	1598,36045
1,53695	1596,17545
1,53694	1600,38995
1,53692	1600,32968
1,53691	1598,86
1,5369	1599,96137
1,53689	1597,28045
1,53687	1596,20455
1,53686	1596,24773
1,53685	1596,725
1,53684	1597,28864
1,53682	1597,88773
1,53681	1598,34045
1,5368	1597,35818
1,53679	1600,37495
1,53677	1598,96955
1,53676	1599,94295
1,53675	1598,81364
1,53674	1596,92955
1,53672	1598,405
1,53671	1597,95318
1,5367	1599,90632
1,53669	1597,85409
1,53667	1598,45682
1,53666	1598,94409
1,53665	1597,44045
1,53664	1598,95909
1,53662	1601,31455
1,53661	1599,96273
1,5366	1598,89318
1,53659	1599,40909
1,53657	1596,87455
1,53656	1598,91091
1,53655	1597,88909
1,53654	1598,05955
1,53652	1599,41955
1,53651	1600,33641
1,5365	1599,49773
1,53649	1597,88409
1,53647	1595,91182
1,53646	1596,90864
1,53645	1597,51091
1,53644	1596,56091
1,53642	1596,99409
1,53641	1597,06364
1,5364	1598,01591
1,53639	1598,90318
1,53637	1596,54545
1,53636	1597,47318
1,53635	1595,13182
1,53634	1596,57955
1,53632	1600,39236
1,53631	1598,60455
1,5363	1598,51682
1,53629	1598,45045
1,53627	1596,58636
1,53626	1597,405
1,53625	1599,43273
1,53624	1597,96909
1,53622	1597,49818
1,53621	1598,97409
1,5362	1598,92
1,53618	1598,03045
1,53617	1595,73773
1,53616	1597,50182
1,53615	1596,16545
1,53613	1595,73773
1,53612	1598,03273
1,53611	1597,58455
1,5361	1596,67045
1,53608	1598,56636
1,53607	1598,47182
1,53606	1598,54773
1,53605	1597,09
1,53603	1598,05864
1,53602	1598,06409
1,53601	1597,02909
1,536	1597,13909
1,53598	1597,03273
1,53597	1598,445
1,53596	1596,55727
1,53595	1598,495
1,53593	1599,33682
1,53592	1599,935
1,53591	1599,94141
1,5359	1599,41318
1,53588	1597,42773
1,53587	1597,47455
1,53586	1598,43545
1,53585	1598,94591
1,53583	1594,01364
1,53582	1599,90318
1,53581	1600,32786
1,5358	1599,41227
1,53578	1597,88091
1,53577	1598,91955
1,53576	1597,94818
1,53575	1599,87536
1,53573	1599,83909
1,53572	1597,93364
1,53571	1598,05864
1,5357	1597,83636
1,53568	1597,82909
1,53567	1597,36727
1,53566	1599,48864
1,53565	1598,99045
1,53563	1596,30727
1,53562	1596,71909
1,53561	1596,82364
1,5356	1599,39045
1,53558	1596,88773
1,53557	1601,02182
1,53556	1597,4
1,53555	1598,79591
1,53553	1597,855
1,53552	1599,37364
1,53551	1598,38818
1,5355	1599,95546
1,53548	1597,38591
1,53547	1598,88136
1,53546	1597,37136
1,53545	1597,42909
1,53543	1598,40545
1,53542	1598,38909
1,53541	1598,38318
1,5354	1601,37273
1,53538	1598,87909
1,53537	1599,39455
1,53536	1597,85682
1,53535	1597,84636
1,53533	1597,21727
1,53532	1597,73455
1,53531	1598,87364
1,5353	1598,305
1,53529	1598,32818
1,53527	1598,37045
1,53526	1598,33818
1,53525	1598,45455
1,53524	1599,32273
1,53522	1596,405
1,53521	1598,88318
1,5352	1599,34136
1,53519	1597,90318
1,53517	1598,43182
1,53516	1598,40727
1,53515	1598,915
1,53514	1597,94727
1,53512	1597,00818
1,53511	1598,41591
1,5351	1598,08136
1,53509	1597,04136
1,53507	1597,94864
1,53506	1596,66818
1,53505	1599,55345
1,53504	1599,41091
1,53502	1598,055
1,53501	1598,97091
1,535	1600,32532
1,53499	1597,08955
1,53497	1600,0075
1,53496	1599,43455
1,53495	1600,92409
1,53494	1598,90955
1,53492	1599,02545
1,53491	1598,48364
1,5349	1598,02682
1,53489	1598,01818
1,53487	1599,90545
1,53486	1596,53455
1,53485	1597,51682
1,53484	1598,97045
1,53482	1596,98591
1,53481	1599,45636
1,5348	1601,78591
1,53479	1599,435
1,53477	1599,87514
1,53476	1597,54318
1,53475	1598,39227
1,53474	1600,33395
1,53472	1597,51364
1,53471	1599,80891
1,5347	1594,58636
1,53469	1597,45682
1,53467	1597,95818
1,53466	1603,44091
1,53465	1597,83091
1,53464	1599,35136
1,53462	1599,93855
1,53461	1599,86586
1,5346	1598,31727
1,53459	1597,21091
1,53457	1599,87132
1,53456	1598,28773
1,53455	1598,22591
1,53454	1597,82818
1,53452	1598,22
1,53451	1597,61273
1,5345	1600,37082
1,53449	1598,33727
1,53447	1598,20818
1,53446	1599,80827
1,53445	1601,99
1,53444	1597,14
1,53442	1600,91545
1,53441	1599,30591
1,5344	1597,18818
1,53439	1600,915
1,53438	1600,95909
1,53436	1599,37364
1,53435	1597,34
1,53434	1597,87727
1,53433	1598,39273
1,53431	1598,80409
1,5343	1598,41273
1,53429	1598,95227
1,53428	1602,87682
1,53426	1600,33523
1,53425	1599,92386
1,53424	1597,97545
1,53423	1599,9185
1,53421	1599,45864
1,5342	1598,93364
1,53419	1599,39318
1,53418	1599,94373
1,53416	1600,3635
1,53415	1602,36727
1,53414	1599,88809
1,53413	1601,43818
1,53411	1600,397
1,5341	1601,37773
1,53409	1602,02955
1,53408	1600,825
1,53406	1603,09409
1,53405	1600,95045
1,53404	1600,41614
1,53403	1604,26864
1,53401	1603,55955
1,534	1603,04955
1,53399	1603,08818
1,53398	1604,19773
1,53396	1606,3
1,53395	1604,64545
1,53394	1602,97273
1,53393	1603,04636
1,53392	1602,45409
1,5339	1604,95
1,53389	1601,31364
1,53388	1605,95909
1,53387	1601,42591
1,53385	1606,64545
1,53384	1604,70455
1,53383	1607,54091
1,53382	1606,58636
1,5338	1604,19136
1,53379	1607,42727
1,53378	1606,46818
1,53377	1608,47273
1,53375	1606,46818
1,53374	1608,96364
1,53373	1610,90455
1,53372	1611,99091
1,5337	1611,08636
1,53369	1612,5
1,53368	1616,44091
1,53367	1611,14091
1,53365	1614,45909
1,53364	1621,32273
1,53363	1621,99545
1,53362	1632,27273
1,5336	1654,22727
1,53359	1660,45455
1,53358	1674,72727
1,53357	1680,95455
1,53356	1677,27273
1,53354	1677,18182
1,53353	1668,63636
1,53352	1683,86364
1,53351	1673,18182
1,53349	1681,27273
1,53348	1672,18182
1,53347	1681,77273
1,53346	1698,95455
1,53344	1714
1,53343	1705,63636
1,53342	1740,5
1,53341	1748,81818
1,53339	1760,04545
1,53338	1768,63636
1,53337	1797,31818
1,53336	1810,36364
1,53334	1817,95455
1,53333	1839,95455
1,53332	1870,22727
1,53331	1904,90909
1,53329	1928,13636
1,53328	1970,22727
1,53327	2050,59091
1,53326	2166,81818
1,53324	2344,09091
1,53323	2690
1,53322	3250,90909
1,53321	4829,54545
1,5332	9186,36364
1,53318	28295,45455
1,53317	37700
1,53316	37677,27273
1,53315	37704,54545
1,53313	8231,81818
1,53312	3355,45455
1,53311	2600
1,5331	2348,18182
1,53308	2190,90909
1,53307	2060
1,53306	2005,04545
1,53305	1945,40909
1,53303	1886,31818
1,53302	1865,81818
1,53301	1835,90909
1,533	1806,63636
1,53298	1798,5
1,53297	1779,90909
1,53296	1765,13636
1,53295	1743,72727
1,53294	1708,63636
1,53292	1691,90909
1,53291	1688,95455
1,5329	1666,09091
1,53289	1673,04545
1,53287	1657,40909
1,53286	1669
1,53285	1664,31818
1,53284	1658,04545
1,53282	1655,22727
1,53281	1652,54545
1,5328	1657,45455
1,53279	1645,81818
1,53277	1648,45455
1,53276	1644,72273
1,53275	1648,63636
1,53274	1644,14091
1,53272	1640,24091
1,53271	1647,5
1,5327	1631,46364
1,53269	1647,54545
1,53268	1633,89091
1,53266	1644,68182
1,53265	1643,83182
1,53264	1630,57273
1,53263	1644,79545
1,53261	1637,85455
1,5326	1631,96818
1,53259	1640,14091
1,53258	1625,19091
1,53256	1631,11364
1,53255	1626,87727
1,53254	1635,90909
1,53253	1620,32273
1,53251	1628,55455
1,5325	1625,42727
1,53249	1621,29545
1,53248	1621,34091
1,53246	1622,94091
1,53245	1618,93182
1,53244	1619,40909
1,53243	1617,05909
1,53242	1617,5
1,5324	1618,85
1,53239	1613,10909
1,53238	1612,79545
1,53237	1609,56818
1,53235	1613,98636
1,53234	1623,72273
1,53233	1613,97727
1,53232	1617,15909
1,5323	1618,33182
1,53229	1615,72727
1,53228	1620,10455
1,53227	1615,30909
1,53225	1621,87273
1,53224	1621,38636
1,53223	1615,8
1,53222	1617,62273
1,53221	1619,69091
1,53219	1620,50909
1,53218	1616,70455
1,53217	1622,28636
1,53216	1615,62727
1,53214	1620,62727
1,53213	1623,45
1,53212	1620,50455
1,53211	1626,97273
1,53209	1627,37273
1,53208	1633,55
1,53207	1636,31364
1,53206	1631,72727
1,53204	1643,69545
1,53203	1632,91818
1,53202	1638,57273
1,53201	1649,36364
1,532	1640,19545
1,53198	1659,77273
1,53197	1650,90909
1,53196	1656,72727
1,53195	1670,68182
1,53193	1663,77273
1,53192	1663,31818
1,53191	1683,81818
1,5319	1677,72727
1,53188	1683,81818
1,53187	1694,59091
1,53186	1681,31818
1,53185	1696,68182
1,53183	1700,22727
1,53182	1714,31818
1,53181	1718,68182
1,5318	1726,77273
1,53179	1719,09091
1,53177	1730,95455
1,53176	1743,77273
1,53175	1741,77273
1,53174	1751,40909
1,53172	1758,40909
1,53171	1785,13636
1,5317	1799,90909
1,53169	1800,22727
1,53167	1814,77273
1,53166	1814,31818
1,53165	1840,5
1,53164	1838,40909
1,53163	1858,04545
1,53161	1863,59091
1,5316	1866,04545
1,53159	1885,36364
1,53158	1869,18182
1,53156	1879,59091
1,53155	1881,63636
1,53153	1905,81818
1,53151	1897,04545
1,5315	1899,40909
1,53149	1873,95455
1,53148	1877,86364
1,53146	1888,40909
1,53145	1860,36364
1,53144	1842,63636
1,53143	1815,86364
1,53142	1814,45455
1,5314	1790,5
1,53139	1789,09091
1,53138	1775,36364
1,53137	1762,27273
1,53135	1740,63636
1,53134	1740,90909
1,53133	1722,18182
1,53132	1711,27273
1,5313	1707,54545
1,53129	1693,22727
1,53128	1691,40909
1,53127	1682,59091
1,53126	1671,13636
1,53124	1676,04545
1,53123	1681,86364
1,53122	1665,27273
1,53121	1681,63636
1,53119	1671,27273
1,53118	1674
1,53117	1665,77273
1,53116	1681
1,53114	1683,45455
1,53113	1684,5
1,53112	1697,31818
1,53111	1708,72727
1,5311	1702,59091
1,53108	1707,36364
1,53107	1720,36364
1,53106	1734,45455
1,53105	1742,40909
1,53103	1762,36364
1,53102	1787,22727
1,53101	1815,95455
1,531	1833,77273
1,53098	1854,09091
1,53097	1862,40909
1,53096	1883,5
1,53095	1928,81818
1,53094	1938,81818
1,53092	1984,77273
1,53091	1958,04545
1,5309	2004,5
1,53089	2029,40909
1,53087	2035,81818
1,53086	2081,81818
1,53084	2080
1,53082	2064,09091
1,53081	2050,81818
1,5308	2050,77273
1,53079	2065,90909
1,53078	2048,68182
1,53076	2043,31818
1,53075	1996,40909
1,53074	1991,59091
1,53073	1960,90909
1,53071	1934,59091
1,5307	1914,63636
1,53069	1878,77273
1,53068	1863,59091
1,53066	1845,63636
1,53065	1828,90909
1,53064	1797,40909
1,53063	1785,04545
1,53062	1763,72727
1,5306	1743,72727
1,53059	1740,77273
1,53058	1713,09091
1,53057	1711,18182
1,53055	1703,04545
1,53054	1697,27273
1,53053	1688,86364
1,53052	1688,90909
1,5305	1666,54545
1,53049	1674,22727
1,53048	1660,81818
1,53047	1655,18182
1,53046	1653,36364
1,53044	1650,40909
1,53043	1649,59091
1,53042	1638,40909
1,53041	1644,37273
1,53039	1641,87727
1,53038	1637,07273
1,53037	1637,36818
1,53036	1629,86364
1,53035	1638,88182
1,53033	1626,58636
1,53032	1630,34091
1,53031	1626,68182
1,5303	1631,77727
1,53028	1631,99091
1,53027	1623,92727
1,53026	1629,79545
1,53025	1618,21818
1,53023	1619,12727
1,53022	1622,54091
1,53021	1618,76818
1,5302	1622,92273
1,53019	1619,51818
1,53017	1614,65
1,53016	1613,23182
1,53015	1614,62727
1,53014	1620,39091
1,53012	1618,05909
1,53011	1613,29091
1,5301	1608,98182
1,53009	1610,60909
1,53008	1607,28182
1,53006	1612,00455
1,53005	1610,52273
1,53004	1607,17727
1,53003	1610,64091
1,53001	1611,13636
1,53	1608,69091


1,53801	1597,14455
1,53799	1601,36818
1,53798	1595,24545
1,53797	1598,48
1,53796	1595,49909
1,53794	1601,47
1,53793	1598,59818
1,53792	1600,58182
1,5379	1598,58273
1,53789	1602,57182
1,53788	1601,62455
1,53787	1601,61091
1,53785	1598,85091
1,53784	1598,09636
1,53783	1602,66818
1,53782	1598,99636
1,5378	1599,02545
1,53779	1599,90364
1,53778	1597,86182
1,53777	1597,21455
1,53775	1602,59
1,53774	1600,83818
1,53773	1599,87273
1,53772	1598,78727
1,5377	1599,82
1,53769	1600,61091
1,53768	1600,86545
1,53767	1596,98364
1,53765	1600,90364
1,53764	1599,02091
1,53763	1598,76364
1,53762	1605,25455
1,5376	1601,87364
1,53759	1600,69636
1,53758	1599,78
1,53757	1596,79636
1,53755	1598,68545
1,53754	1598,64727
1,53753	1597,68636
1,53751	1600,62818
1,5375	1600,54273
1,53749	1599,63273
1,53748	1599,50091
1,53746	1599,45
1,53745	1603,49091
1,53744	1598,38909
1,53743	1596,24273
1,53741	1600,19909
1,5374	1601,31818
1,53739	1598,12727
1,53738	1598,02727
1,53736	1596,01273
1,53735	1596,91273
1,53734	1597,25
1,53733	1595,88727
1,53731	1600,29
1,5373	1602,30091
1,53729	1595,1
1,53728	1600,14091
1,53726	1600,15727
1,53725	1604,37855
1,53724	1599,22455
1,53723	1592,96364
1,53721	1596,18364
1,5372	1597,19636
1,53719	1600,46
1,53718	1603,36364
1,53716	1599,12818
1,53715	1601,23545
1,53714	1600,12818
1,53713	1600,11909
1,53711	1599,09182
1,5371	1597,05818
1,53709	1598,06
1,53708	1601,24
1,53706	1599,18364
1,53705	1602,12545
1,53704	1599,07818
1,53702	1600,22273
1,53701	1595,1
1,537	1600,19818
1,53699	1597,19364
1,53697	1601,35727
1,53696	1598,18636
1,53695	1602,29909
1,53694	1601,35727
1,53692	1600,28
1,53691	1598,13182
1,5369	1600,03727
1,53689	1605,32536
1,53687	1604,16145
1,53686	1602,26545
1,53685	1599,24818
1,53684	1595,97636
1,53682	1598,00182
1,53681	1597,04091
1,5368	1597,99545
1,53679	1597,04182
1,53677	1600,32091
1,53676	1598,13818
1,53675	1598,23727
1,53674	1601,22
1,53672	1598,41909
1,53671	1601,37636
1,5367	1599,12273
1,53669	1599,41909
1,53667	1603,36273
1,53666	1597,47909
1,53665	1597,45455
1,53664	1601,23364
1,53662	1598,51818
1,53661	1600,47909
1,5366	1598,45091
1,53659	1601,48636
1,53657	1596,39
1,53656	1595,64182
1,53655	1600,36
1,53654	1597,41273
1,53652	1601,27
1,53651	1602,36727
1,5365	1599,33455
1,53649	1600,66455
1,53647	1601,42455
1,53646	1599,33364
1,53645	1595,67727
1,53644	1596,39182
1,53642	1599,31
1,53641	1600,32364
1,5364	1600,54545
1,53639	1599,61364
1,53637	1600,46455
1,53636	1610,12818
1,53635	1596,77545
1,53634	1605,21809
1,53632	1602,44273
1,53631	1598,53364
1,5363	1597,68182
1,53629	1606,26
1,53627	1597,78455
1,53626	1601,75455
1,53625	1601,57909
1,53624	1597,63818
1,53622	1605,32936
1,53621	1604,08736
1,5362	1599,63
1,53619	1602,38636
1,53617	1596,69182
1,53616	1600,59727
1,53615	1603,33182
1,53613	1596,82364
1,53612	1598,84818
1,53611	1603,32545
1,5361	1596,87636
1,53608	1599,78818
1,53607	1597,80091
1,53606	1598,78182
1,53605	1599,75727
1,53603	1601,67818
1,53602	1604,30691
1,53601	1597,89364
1,536	1597,78455
1,53598	1597,84273
1,53597	1600,67364
1,53596	1604,23745
1,53595	1595,04545
1,53593	1599,56182
1,53592	1600,47545
1,53591	1599,58273
1,5359	1602,49545
1,53588	1601,3
1,53587	1602,47545
1,53586	1602,47545
1,53585	1601,40636
1,53583	1596,45091
1,53582	1599,49455
1,53581	1598,46545
1,5358	1595,54182
1,53578	1600,43455
1,53577	1596,44909
1,53576	1597,27727
1,53575	1595,46727
1,53573	1597,35636
1,53572	1601,40364
1,53571	1599,46182
1,5357	1598,40727
1,53568	1598,37182
1,53567	1599,43545
1,53566	1600,66273
1,53565	1595,3
1,53563	1599,21182
1,53562	1595,27273
1,53561	1605,55545
1,5356	1601,5
1,53558	1601,25636
1,53557	1600,02909
1,53556	1601,24364
1,53555	1602,31091
1,53553	1601,36364
1,53552	1596,35091
1,53551	1601,39091
1,5355	1602,13727
1,53548	1600,25545
1,53547	1601,27818
1,53546	1597,29636
1,53545	1598,38364
1,53543	1601,33
1,53542	1600,28727
1,53541	1597,26818
1,5354	1598,39455
1,53538	1600,34273
1,53537	1602,33182
1,53536	1601,31182
1,53535	1597,20545
1,53533	1603,31455
1,53532	1601,29909
1,53531	1600,25909
1,5353	1603,34909
1,53528	1596,90455
1,53527	1602,06727
1,53526	1601,27455
1,53525	1599,11909
1,53524	1594,05455
1,53522	1601,28636
1,53521	1597,17091
1,5352	1597,40636
1,53519	1602,18273
1,53517	1601,36182
1,53516	1603,31
1,53515	1597,25
1,53514	1599,36
1,53512	1603,36818
1,53511	1599,41455
1,5351	1598,51455
1,53509	1596,59
1,53507	1597,60636
1,53506	1603,26909
1,53505	1600,70818
1,53504	1601,45
1,53502	1598,56091
1,53501	1602,58
1,535	1598,95182
1,53499	1599,59818
1,53497	1599,71727
1,53496	1596,84818
1,53495	1599,57091
1,53494	1597,78818
1,53492	1599,87455
1,53491	1599,68909
1,5349	1599,89273
1,53489	1602,36455
1,53487	1599,79091
1,53486	1605,266
1,53485	1601,53636
1,53484	1597,76455
1,53482	1600,57364
1,53481	1595,71364
1,5348	1597,67636
1,53479	1598,66273
1,53477	1600,42364
1,53476	1599,63455
1,53475	1595,72091
1,53474	1600,55182
1,53472	1599,53091
1,53471	1602,46455
1,5347	1603,21909
1,53469	1601,40727
1,53467	1599,57273
1,53466	1594,50909
1,53465	1601,48545
1,53464	1596,50273
1,53462	1599,46455
1,53461	1597,33273
1,5346	1600,20727
1,53459	1601,20273
1,53457	1597,13273
1,53456	1596,88545
1,53455	1600,11455
1,53454	1596,83
1,53452	1597,85364
1,53451	1596,82182
1,5345	1600,99727
1,53449	1599,13545
1,53447	1599,92
1,53446	1599,77091
1,53445	1596,86
1,53444	1597,00273
1,53442	1599,90091
1,53441	1592,44545
1,5344	1601,08091
1,53439	1597,75818
1,53437	1599,95818
1,53436	1601,02091
1,53435	1599,99
1,53434	1598,94545
1,53433	1604,36727
1,53431	1598,15
1,5343	1598,20818
1,53429	1599,29182
1,53428	1599,33636
1,53426	1595,22727
1,53425	1600,38364
1,53424	1597,52727
1,53423	1593,77273
1,53421	1602,32636
1,5342	1601,53818
1,53419	1604,27882
1,53418	1605,33027
1,53416	1597,78182
1,53415	1601,46091
1,53414	1597,55091
1,53413	1595,70364
1,53411	1603,31273
1,5341	1599,35455
1,53409	1604,32164
1,53408	1605,38191
1,53406	1601,17182
1,53405	1601,99
1,53404	1601,04
1,53403	1598,56545
1,53401	1604,14582
1,534	1597,66727
1,53399	1604,27973
1,53398	1596,69455
1,53396	1600,87455
1,53395	1606,35727
1,53394	1600,03636
1,53393	1603,32818
1,53391	1603,28091
1,5339	1605,29082
1,53389	1598,82
1,53388	1601,14455
1,53387	1601,14182
1,53385	1604,22245
1,53384	1604,14364
1,53383	1599,48364
1,53382	1604,439
1,5338	1602,21364
1,53379	1604,28427
1,53378	1608,09455
1,53377	1602,46727
1,53375	1603,44364
1,53374	1604,20736
1,53373	1601,32818
1,53372	1608,16818
1,5337	1608,95182
1,53369	1612,95182
1,53368	1606,22273
1,53367	1608,38091
1,53365	1612,16
1,53364	1616,82727
1,53358	1621,09091
1,53357	1620,12727
1,53355	1617,85455
1,53354	1629,46364
1,53353	1628,59091
1,53352	1636,32727
1,53351	1632,47273
1,53349	1628,64545
1,53348	1632,53636
1,53347	1649,12727
1,53346	1650,24545
1,53344	1650,01818
1,53343	1668,14545
1,53342	1662,17273
1,53341	1675,92727
1,53339	1678,79091
1,53338	1669,10909
1,53337	1694,84545
1,53336	1713,27273
1,53334	1714,45455
1,53333	1709,09091
1,53332	1742,27273
1,53331	1760,45455
1,53329	1812,27273
1,53328	1880,54545
1,53327	1961,18182
1,53326	2189,90909
1,53324	2574,54545
1,53323	3677,27273
1,53322	6834,54545
1,53321	25122,72727
1,53319	72295,45455
1,53318	72550
1,53317	12859,09091
1,53316	3504,54545
1,53315	2243,72727
1,53313	2009,81818
1,53312	1912,18182
1,53311	1815,63636
1,5331	1782,54545
1,53308	1763,54545
1,53307	1737,63636
1,53306	1703,72727
1,53305	1694,96364
1,53303	1691,82727
1,53302	1682,5
1,53301	1676,42727
1,533	1660,70909
1,53298	1642,9
1,53297	1643,92727
1,53296	1633,66364
1,53295	1630
1,53293	1626,53636
1,53292	1622,78182
1,53291	1622,90909
1,5329	1620,9
1,53289	1619,82727
1,53287	1615,58182
1,53286	1613,53636
1,53285	1615,55455
1,53284	1612,32364
1,53282	1611,18273
1,53281	1619,34545
1,5328	1612,20364
1,53279	1612,27636
1,53277	1610,28455
1,53276	1604,16991
1,53275	1606,41364
1,53274	1610,42545
1,53272	1608,21364
1,53271	1605,01209
1,5327	1605,30164
1,53269	1608,34909
1,53267	1601,42364
1,53266	1599,35636
1,53265	1602,23182
1,53264	1602,30091
1,53263	1606,21364
1,53261	1605,134
1,5326	1600,37909
1,53259	1607,22727
1,53258	1605,23518
1,53256	1605,15991
1,53255	1602,26909
1,53254	1605,30773
1,53253	1597,58818
1,53251	1601,15273
1,5325	1605,142
1,53249	1609,26636
1,53248	1611,38909
1,53246	1609,25
1,53245	1610,48091
1,53244	1606,24091
1,53243	1600,09455
1,53241	1606,19364
1,5324	1604,31073
1,53239	1608,39364
1,53238	1602,35455
1,53237	1607,18455
1,53235	1607,41
1,53234	1610,55273
1,53233	1603,29091
1,53232	1602,08636
1,5323	1603,12364
1,53229	1606,21364
1,53228	1603,10909
1,53227	1604,20973
1,53225	1606,42636
1,53224	1604,32482
1,53223	1608,55364
1,53222	1599,89909
1,5322	1600,87273
1,53219	1610,91273
1,53218	1606,40091
1,53217	1608,85818
1,53216	1606,33909
1,53214	1612,07182
1,53213	1608,80182
1,53212	1609,80818
1,53211	1619,98182
1,53209	1615,44545
1,53208	1609,95636
1,53207	1617,67273
1,53206	1618,62727
1,53204	1624,13636
1,53203	1614,05455
1,53202	1624,7
1,53201	1619,2
1,53199	1618,03636
1,53198	1627,30909
1,53197	1619,13636
1,53196	1617,54545
1,53195	1613,53
1,53193	1627,65455
1,53192	1619,60909
1,53191	1624,60909
1,5319	1626,98182
1,53188	1622,83636
1,53187	1625,06364
1,53186	1631,36364
1,53185	1618,9
1,53183	1635,39091
1,53182	1633,36364
1,53181	1653,30909
1,5318	1644,3
1,53178	1646,16364
1,53177	1652,55455
1,53176	1663,91818
1,53175	1669,35455
1,53174	1694,66364
1,53172	1693,49091
1,53171	1712,72727
1,5317	1703,18182
1,53169	1755,72727
1,53167	1755,09091
1,53166	1773,54545
1,53165	1767,72727
1,53164	1800,36364
1,53162	1820,27273
1,53161	1812,27273
1,5316	1817,18182
1,53159	1881,63636
1,53158	1871,09091
1,53156	1897,63636
1,53155	1866,72727
1,53154	1894
1,53151	1848,63636
1,5315	1873,45455
1,53149	1838,09091
1,53148	1856,63636
1,53146	1831,18182
1,53145	1814,45455
1,53144	1802,36364
1,53143	1766,81818
1,53141	1766,90909
1,5314	1742
1,53139	1724,36364
1,53138	1705,09091
1,53137	1699,45455
1,53135	1681,05455
1,53134	1662,06364
1,53133	1654,7
1,53132	1639,46364
1,5313	1634,02727
1,53129	1642,33636
1,53128	1630,00909
1,53127	1626,95455
1,53125	1614,6
1,53124	1624,94545
1,53123	1624,83636
1,53122	1618,47273
1,53121	1620,2
1,53119	1612,99727
1,53118	1616,56364
1,53117	1614,67273
1,53116	1619,56364
1,53114	1620,33636
1,53113	1613,80909
1,53112	1618,57273
1,53111	1616,8
1,53109	1629,73636
1,53108	1620,4
1,53107	1618,46364
1,53106	1630,44545
1,53105	1625,06364
1,53103	1625,09091
1,53102	1630,98182
1,53101	1638,44545
1,531	1638,87273
1,53098	1629,7
1,53097	1637,56364
1,53096	1641,99091
1,53095	1629,39091
1,53093	1648,00909
1,53092	1651,01818
1,53091	1642,39091
1,5309	1658,71818
1,53089	1661,2
1,53087	1666,57273
1,53086	1660,68182
1,53085	1665,86364
1,53084	1659,41818
1,53082	1654,09091
1,53081	1657,62727
1,5308	1648,8
1,53079	1651,97273
1,53077	1646,94545
1,53076	1636,75455
1,53075	1631,18182
1,53074	1638,09091
1,53073	1633,47273
1,53071	1625,7
1,5307	1609,54545
1,53069	1616,94545
1,53068	1610,46545
1,53066	1611,57182
1,53065	1609,41909
1,53064	1615,75455
1,53063	1605,30527
1,53061	1604,31809
1,5306	1607,02909
1,53059	1610,26727
1,53058	1607,36091
1,53057	1605,39564
1,53055	1602,22091
1,53054	1607,21727
1,53053	1604,30291
1,53052	1600,12455
1,5305	1602,23636
1,53049	1597,28091
1,53048	1603,41273
1,53047	1598,30273
1,53045	1602,18545
1,53044	1602,36364
1,53043	1604,03727
1,53042	1605,271
1,53041	1598,46091
1,53039	1599,41727
1,53038	1603,13091
1,53037	1601,26455
1,53036	1602,39455
1,53034	1597,58818
1,53033	1599,63455
1,53032	1599,57273
1,53031	1599,61
1,5303	1605,21555
1,53028	1598,73182
1,53027	1599,40545
1,53026	1604,15182
1,53025	1598,73
1,53023	1607,09455
1,53022	1606,19727
1,53021	1600,50364
1,5302	1594,51818
1,53018	1601,27182
1,53017	1598,58
1,53016	1599,70364
1,53015	1604,28418
1,53014	1599,35818
1,53012	1603,15273
1,53011	1600,42545
1,5301	1601,46455
1,53009	1602,40545
1,53007	1601,59727
1,53006	1597,68727
1,53005	1600,37091
1,53004	1597,52636
1,53003	1606,43091
1,53001	1593,45455
1,53	1599,21545


1,53801	1097,0135
1,53799	1098,44946
1,53798	1099,56875
1,53797	1099,021
1,53795	1096,48825
1,53794	1099,00496
1,53793	1099,02238
1,53792	1096,58771
1,5379	1097,602
1,53789	1097,21379
1,53788	1100,43445
1,53787	1098,58054
1,53785	1099,527
1,53784	1099,05308
1,53783	1098,944
1,53782	1097,22342
1,5378	1099,47658
1,53779	1097,20554
1,53778	1097,64417
1,53777	1102,19175
1,53775	1096,69358
1,53774	1098,93575
1,53773	1096,30721
1,53772	1097,11663
1,5377	1097,23625
1,53769	1098,60942
1,53768	1098,01496
1,53767	1099,43121
1,53765	1100,035
1,53764	1097,60108
1,53763	1098,99213
1,53762	1098,00167
1,5376	1098,97196
1,53759	1099,43763
1,53758	1097,51308
1,53756	1099,48942
1,53755	1098,96188
1,53754	1099,00267
1,53753	1100,91758
1,53751	1098,42929
1,5375	1095,92313
1,53749	1097,40996
1,53748	1098,91925
1,53746	1097,28621
1,53745	1095,23333
1,53744	1098,88258
1,53743	1096,18438
1,53741	1097,81558
1,5374	1099,84893
1,53739	1098,96508
1,53738	1098,81246
1,53736	1099,44542
1,53735	1099,39683
1,53734	1096,81321
1,53733	1098,30463
1,53731	1099,87772
1,5373	1095,23792
1,53729	1097,83667
1,53728	1099,35513
1,53726	1095,78425
1,53725	1097,32929
1,53724	1098,46
1,53723	1097,83346
1,53721	1096,74033
1,5372	1098,33121
1,53719	1097,23808
1,53718	1100,96846
1,53716	1098,84271
1,53715	1098,34771
1,53714	1099,90783
1,53713	1097,272
1,53711	1097,82887
1,5371	1099,84362
1,53709	1098,3005
1,53707	1097,82062
1,53706	1095,76179
1,53705	1097,80825
1,53704	1097,32929
1,53702	1096,32508
1,53701	1098,35046
1,537	1097,29721
1,53699	1099,44129
1,53697	1099,42296
1,53696	1098,34679
1,53695	1096,14358
1,53694	1096,70367
1,53692	1098,75425
1,53691	1101,48225
1,5369	1096,80312
1,53689	1099,88849
1,53687	1098,81246
1,53686	1097,27246
1,53685	1097,22433
1,53684	1097,26604
1,53682	1099,43167
1,53681	1097,2885
1,5368	1097,33617
1,53679	1096,26871
1,53677	1099,98565
1,53676	1098,91558
1,53675	1096,75362
1,53674	1096,90396
1,53672	1097,88571
1,53671	1098,43571
1,5367	1099,90554
1,53669	1098,33029
1,53667	1098,9385
1,53666	1102,87558
1,53665	1100,36983
1,53664	1096,48825
1,53662	1097,86554
1,53661	1098,47879
1,5366	1095,90204
1,53659	1100,40402
1,53657	1098,84867
1,53656	1096,40346
1,53655	1095,87592
1,53654	1100,02076
1,53652	1098,92063
1,53651	1101,32825
1,5365	1097,51125
1,53649	1099,8438
1,53647	1097,855
1,53646	1097,37696
1,53645	1099,46238
1,53644	1097,02312
1,53642	1098,9165
1,53641	1098,48292
1,5364	1098,95729
1,53639	1098,41233
1,53637	1099,42433
1,53636	1097,45212
1,53635	1096,05696
1,53634	1099,42663
1,53632	1098,96921
1,53631	1098,11625
1,5363	1098,02458
1,53629	1099,87712
1,53627	1097,51721
1,53626	1098,33762
1,53625	1097,99846
1,53624	1099,39088
1,53622	1097,95629
1,53621	1098,96554
1,5362	1100,34265
1,53618	1097,53692
1,53617	1097,60246
1,53616	1099,38492
1,53615	1098,99488
1,53613	1100,45118
1,53612	1098,96096
1,53611	1097,09417
1,5361	1099,00037
1,53608	1098,08096
1,53607	1097,98563
1,53606	1096,64638
1,53605	1100,3861
1,53603	1099,9384
1,53602	1097,57633
1,53601	1101,265
1,536	1099,01825
1,53598	1097,008
1,53597	1099,40004
1,53596	1101,37408
1,53595	1100,902
1,53593	1097,87975
1,53592	1096,02167
1,53591	1096,98783
1,5359	1097,92192
1,53588	1098,39767
1,53587	1098,44213
1,53586	1097,9265
1,53585	1100,42712
1,53583	1097,92742
1,53582	1100,40045
1,53581	1099,33175
1,5358	1099,90535
1,53578	1100,3432
1,53577	1097,42692
1,53576	1097,93108
1,53575	1102,3485
1,53573	1101,31312
1,53572	1102,84029
1,53571	1100,01678
1,5357	1102,28113
1,53568	1099,81195
1,53567	1102,90308
1,53566	1101,02163
1,53565	1101,05142
1,53563	1100,92308
1,53562	1095,6605
1,53561	1099,87387
1,5356	1099,89756
1,53558	1101,97633
1,53557	1100,51425
1,53556	1104,5925
1,53555	1099,29921
1,53553	1099,37483
1,53552	1099,36842
1,53551	1097,86738
1,5355	1100,97579
1,53548	1101,93142
1,53547	1102,43833
1,53546	1102,94983
1,53545	1104,02325
1,53543	1100,94921
1,53542	1104,98208
1,53541	1105,46333
1,5354	1102,40121
1,53538	1104,98667
1,53537	1104,00721
1,53536	1103,02363
1,53535	1102,01071
1,53533	1105,04167
1,53532	1103,40817
1,53531	1103,99804
1,5353	1102,91271
1,53529	1102,94846
1,53527	1105,53667
1,53526	1108,53417
1,53525	1100,99275
1,53524	1109,48292
1,53522	1104,45546
1,53521	1104,40963
1,5352	1107,87417
1,53519	1106,88875
1,53517	1107,30583
1,53516	1112,12292
1,53515	1111,07333
1,53514	1110,54625
1,53512	1112,39792
1,53511	1117,95292
1,5351	1122,65083
1,53509	1120,25833
1,53507	1129,71375
1,53506	1126,95458
1,53505	1124,19542
1,53504	1128,86583
1,53502	1124,05792
1,53501	1134,50333
1,535	1145,705
1,53499	1153,25833
1,53497	1163,34167
1,53496	1171,27083
1,53495	1183,325
1,53494	1197,57917
1,53492	1208,39583
1,53491	1218,15833
1,5349	1213,7125
1,53489	1229,15833
1,53487	1216,69167
1,53486	1204,82083
1,53485	1214,5375
1,53484	1196,8
1,53482	1217,10417
1,53481	1221,36667
1,5348	1235,4375
1,53479	1233,2375
1,53477	1254,59583
1,53476	1290,3
1,53475	1339,84583
1,53474	1354,1
1,53472	1395,30417
1,53471	1437,47083
1,5347	1504,75417
1,53469	1624,79167
1,53467	1807,66667
1,53466	2107,875
1,53465	2738,08333
1,53464	3934,79167
1,53462	8217,91667
1,53461	19937,5
1,5346	36130,41667
1,53459	36235,83333
1,53457	36350,41667
1,53456	25753,75
1,53455	4275,79167
1,53454	2400,75
1,53452	1978,16667
1,53451	1790,25
1,5345	1633,5
1,53449	1536,33333
1,53447	1451,175
1,53446	1386,55
1,53445	1336,86667
1,53444	1290,20833
1,53442	1257,85
1,53441	1229,61667
1,5344	1216,69167
1,53439	1189,2375
1,53438	1172,82917
1,53436	1168,3375
1,53435	1163,98333
1,53434	1147,66667
1,53433	1147,66667
1,53431	1136,69875
1,5343	1136,74458
1,53429	1137,16625
1,53428	1132,78917
1,53426	1126,565
1,53425	1123,43
1,53424	1128,94375
1,53423	1116,16542
1,53421	1125,22667
1,5342	1121,00083
1,53419	1115,41833
1,53418	1111,1925
1,53416	1116,665
1,53415	1120,40042
1,53414	1109,54708
1,53413	1114,30917
1,53411	1113,0075
1,5341	1108,35083
1,53409	1112,94333
1,53408	1110,725
1,53406	1111,97625
1,53405	1112,02208
1,53404	1112,59958
1,53403	1110,91292
1,53401	1109,57458
1,534	1105,23417
1,53399	1103,11392
1,53398	1108,0025
1,53396	1107,425
1,53395	1109,52875
1,53394	1107,27833
1,53393	1105,72917
1,53392	1102,47454
1,5339	1103,96
1,53389	1102,34254
1,53388	1107,01708
1,53387	1099,94633
1,53385	1106,21042
1,53384	1101,81913
1,53383	1098,39858
1,53382	1099,43304
1,5338	1102,79171
1,53379	1098,87204
1,53378	1103,16892
1,53377	1102,30633
1,53375	1105,56875
1,53374	1103,27846
1,53373	1098,42929
1,53372	1100,48263
1,5337	1100,4131
1,53369	1101,7545
1,53368	1103,33437
1,53367	1100,43111
1,53365	1099,8982
1,53364	1099,79577
1,53363	1103,89675
1,53362	1098,96692
1,5336	1102,30679
1,53359	1101,32367
1,53358	1099,47475
1,53357	1101,33742
1,53356	1102,29946
1,53354	1100,87725
1,53353	1103,29175
1,53352	1100,29576
1,53351	1102,84533
1,53349	1100,78925
1,53348	1101,78796
1,53347	1099,34046
1,53346	1098,73317
1,53344	1104,05488
1,53343	1102,54742
1,53342	1100,83875
1,53341	1100,37263
1,53339	1102,45162
1,53338	1097,76975
1,53337	1100,94188
1,53336	1100,88367
1,53334	1099,86947
1,53333	1101,39058
1,53332	1103,09467
1,53331	1099,30883
1,53329	1098,34267
1,53328	1099,33908
1,53327	1102,07075
1,53326	1100,42937
1,53324	1103,70196
1,53323	1100,93913
1,53322	1098,185
1,53321	1102,02262
1,5332	1105,95375
1,53318	1100,40783
1,53317	1103,2395
1,53316	1102,65604
1,53315	1102,64779
1,53313	1102,58821
1,53312	1103,11713
1,53311	1102,11979
1,5331	1103,23446
1,53308	1104,31658
1,53307	1107,84667
1,53306	1104,28908
1,53305	1103,18633
1,53303	1104,895
1,53302	1106,00417
1,53301	1107,55333
1,533	1104,73
1,53298	1104,18504
1,53297	1103,9435
1,53296	1105,58708
1,53295	1108,7725
1,53294	1107,70458
1,53292	1108,15833
1,53291	1111,24292
1,5329	1108,63042
1,53289	1114,10292
1,53287	1107,88792
1,53286	1109,98708
1,53285	1110,97708
1,53284	1105,92167
1,53282	1109,4875
1,53281	1112,46667
1,5328	1109,01083
1,53279	1110,00083
1,53277	1116,35333
1,53276	1109,20792
1,53275	1108,81833
1,53274	1106,87042
1,53272	1112,80583
1,53271	1113,7225
1,5327	1109,63417
1,53269	1110,15667
1,53268	1112,11375
1,53266	1110,02833
1,53265	1113,98375
1,53264	1113,14042
1,53263	1108,72208
1,53261	1114,07542
1,5326	1113,09
1,53259	1112,60875
1,53258	1107,27375
1,53256	1107,1775
1,53255	1113,69958
1,53254	1110,835
1,53253	1108,46083
1,53251	1106,435
1,5325	1105,56417
1,53249	1106,52667
1,53248	1111,18792
1,53246	1109,64792
1,53245	1110,26667
1,53244	1107,12708
1,53243	1110,39958
1,53242	1109,75333
1,5324	1108,36458
1,53239	1105,17458
1,53238	1102,61571
1,53237	1105,83458
1,53235	1116,84375
1,53234	1104,68875
1,53233	1109,70292
1,53232	1105,83917
1,5323	1114,09833
1,53229	1115,85833
1,53228	1117,50833
1,53227	1110,43625
1,53225	1112,04958
1,53224	1112,66375
1,53223	1109,82208
1,53222	1112,75542
1,53221	1115,95458
1,53219	1116,17458
1,53218	1116,84375
1,53217	1119,07125
1,53216	1122,59125
1,53214	1120,79917
1,53213	1125,34125
1,53212	1130,23625
1,53211	1123,2925
1,53209	1131,47833
1,53208	1136,56583
1,53207	1131,75792
1,53206	1142,15292
1,53204	1138,20208
1,53203	1153,30417
1,53202	1143,62417
1,53201	1144,58667
1,532	1153,9
1,53198	1154,12917
1,53197	1164,16667
1,53196	1168,93333
1,53195	1168,65833
1,53193	1172,64583
1,53192	1173,79167
1,53191	1180,3
1,5319	1185,20417
1,53188	1200,74167
1,53187	1205,325
1,53186	1200,42083
1,53185	1202,25417
1,53183	1207,98333
1,53182	1213,66667
1,53181	1218,06667
1,5318	1223,6125
1,53179	1223,79583
1,53177	1224,52917
1,53176	1237,95833
1,53175	1251,75417
1,53174	1254,32083
1,53172	1243,64167
1,53171	1255,1
1,5317	1258,72083
1,53169	1279,48333
1,53167	1274,85417
1,53166	1278,0625
1,53165	1289,38333
1,53164	1285,35
1,53163	1302,76667
1,53161	1299,42083
1,5316	1316,425
1,53159	1335,8125
1,53158	1307,39583
1,53156	1311,52083
1,53155	1344,24583
1,53154	1323,52917
1,53153	1346,58333
1,53151	1338,975
1,5315	1345,1625
1,53149	1340,12083
1,53148	1331,45833
1,53146	1317,43333
1,53145	1324,49167
1,53144	1316,37917
1,53143	1312,66667
1,53142	1293,23333
1,5314	1278,56667
1,53139	1266,32917
1,53138	1280,17083
1,53137	1240,15833
1,53135	1255,28333
1,53134	1237,775
1,53133	1235,66667
1,53132	1209,3125
1,5313	1210,77917
1,53129	1198,26667
1,53128	1190,75
1,53127	1195,975
1,53126	1174,57083
1,53124	1174,8
1,53123	1170,58333
1,53122	1175,85417
1,53121	1171,775
1,53119	1166,1375
1,53118	1171,72917
1,53117	1172,55417
1,53116	1177,36667
1,53114	1169,85
1,53113	1180,39167
1,53112	1185,15833
1,53111	1196,34167
1,5311	1202,9875
1,53108	1196,3875
1,53107	1229,02083
1,53106	1231,725
1,53105	1236,8125
1,53103	1260,78333
1,53102	1271,92083
1,53101	1292,68333
1,531	1314,45417
1,53098	1341,81667
1,53097	1341,63333
1,53096	1385,8625
1,53095	1384,075
1,53094	1418,35833
1,53092	1448,33333
1,53091	1469,96667
1,5309	1506,175
1,53089	1506,81667
1,53087	1543,48333
1,53086	1527,9
1,53085	1554,3
1,53084	1539,3125
1,53082	1545,86667
1,53081	1569,79167
1,5308	1525,37917
1,53079	1546,96667
1,53078	1516,94583
1,53076	1492,88333
1,53075	1486,2375
1,53074	1444,1625
1,53073	1415,425
1,53071	1383,25
1,5307	1391,40833
1,53069	1346,62917
1,53068	1333,15417
1,53066	1316,51667
1,53065	1296,71667
1,53064	1286,45
1,53063	1250,65417
1,53062	1245,3375
1,5306	1225,17083
1,53059	1202,85
1,53058	1221,6875
1,53057	1201,38333
1,53055	1196,25
1,53054	1178,375
1,53053	1182,54583
1,53052	1174,525
1,5305	1164,57917
1,53049	1149,04167
1,53048	1153,94583
1,53047	1149,27083
1,53046	1144,07333
1,53044	1146,42917
1,53043	1142,20333
1,53042	1136,29542
1,53041	1137,02417
1,53039	1142,7075
1,53038	1134,0175
1,53037	1128,10958
1,53036	1130,59375
1,53035	1129,60833
1,53033	1123,92958
1,53032	1121,93583
1,53031	1125,45583
1,5303	1120,86792
1,53028	1123,54917
1,53027	1120,73042
1,53026	1121,29417
1,53025	1118,37
1,53023	1121,72042
1,53022	1113,98833
1,53021	1116,00958
1,5302	1113,915
1,53019	1116,77042
1,53017	1119,12625
1,53016	1119,12625
1,53015	1113,31
1,53014	1109,50125
1,53012	1110,04208
1,53011	1110,02833
1,5301	1114,39167
1,53009	1110,6975
1,53008	1108,32333
1,53006	1113,09
1,53005	1106,67333
1,53004	1107,23708
1,53003	1109,24458
1,53001	1104,345
1,53	1106,78333


1,53801	1095,689
1,53799	1094,52
1,53798	1097,083
1,53797	1101,775
1,53796	1098,484
1,53794	1103,881
1,53793	1104,0591
1,53792	1098,415
1,5379	1096,235
1,53789	1101,731
1,53788	1098,549
1,53787	1102,826
1,53785	1099,768
1,53784	1099,936
1,53783	1099,923
1,53782	1103,908
1,5378	1102,96
1,53779	1100,907
1,53778	1099,667
1,53777	1099,945
1,53775	1100,831
1,53774	1098,903
1,53773	1098,848
1,53772	1101,698
1,5377	1100,809
1,53769	1099,668
1,53768	1100,952
1,53767	1101,75
1,53765	1095,934
1,53764	1100,952
1,53763	1099,654
1,53762	1102,749
1,5376	1101,056
1,53759	1099,766
1,53758	1103,815
1,53757	1099,599
1,53755	1099,605
1,53754	1100,616
1,53753	1098,515
1,53751	1100,691
1,5375	1095,254
1,53749	1100,672
1,53748	1095,136
1,53746	1099,395
1,53745	1103,84
1,53744	1097,107
1,53743	1096,996
1,53741	1095,66
1,5374	1099,167
1,53739	1094,47
1,53738	1097,83
1,53736	1096,769
1,53735	1096,604
1,53734	1099,282
1,53733	1101,254
1,53731	1095,691
1,5373	1100,225
1,53729	1094,61
1,53728	1100,155
1,53726	1096,752
1,53725	1099,149
1,53724	1095,746
1,53723	1100,193
1,53721	1100,321
1,5372	1095,788
1,53719	1101,64
1,53718	1101,416
1,53716	1101,347
1,53715	1102,519
1,53714	1100,141
1,53713	1098,967
1,53711	1102,475
1,5371	1097,921
1,53709	1105,9544
1,53708	1096,732
1,53706	1097,942
1,53705	1098,856
1,53704	1097,833
1,53702	1093,33
1,53701	1098,032
1,537	1096,805
1,53699	1100,303
1,53697	1100,365
1,53696	1095,741
1,53695	1099,103
1,53694	1100,35
1,53692	1098,019
1,53691	1096,795
1,5369	1096,586
1,53689	1097,808
1,53687	1094,25
1,53686	1096,75
1,53685	1098,025
1,53684	1100,165
1,53682	1098,954
1,53681	1100,202
1,5368	1098,944
1,53679	1099,035
1,53677	1091,27
1,53676	1102,482
1,53675	1104,8198
1,53674	1102,463
1,53672	1099,379
1,53671	1095,913
1,5367	1100,153
1,53669	1098,245
1,53667	1101,491
1,53666	1096,137
1,53665	1099,37
1,53664	1101,357
1,53662	1100,527
1,53661	1099,453
1,5366	1095,077
1,53659	1096,264
1,53657	1100,343
1,53656	1099,522
1,53655	1098,227
1,53654	1102,609
1,53652	1101,397
1,53651	1097,153
1,5365	1094,91
1,53649	1096,417
1,53647	1103,723
1,53646	1094,95
1,53645	1101,733
1,53644	1101,424
1,53642	1099,241
1,53641	1101,434
1,5364	1101,676
1,53639	1097,434
1,53637	1101,573
1,53636	1101,69
1,53635	1100,635
1,53634	1101,536
1,53632	1103,744
1,53631	1100,496
1,5363	1097,45
1,53629	1100,612
1,53627	1101,713
1,53626	1099,85
1,53625	1099,644
1,53624	1100,543
1,53622	1098,537
1,53621	1101,373
1,5362	1098,554
1,53619	1098,44
1,53617	1099,496
1,53616	1097,528
1,53615	1097,417
1,53613	1100,667
1,53612	1099,769
1,53611	1100,543
1,5361	1100,726
1,53608	1096,659
1,53607	1100,672
1,53606	1100,711
1,53605	1103,848
1,53603	1103,91
1,53602	1098,538
1,53601	1095,622
1,536	1096,528
1,53598	1098,661
1,53597	1102,799
1,53596	1101,562
1,53595	1098,706
1,53593	1098,472
1,53592	1097,354
1,53591	1098,483
1,5359	1099,578
1,53588	1098,263
1,53587	1101,656
1,53586	1101,65
1,53585	1092,9
1,53583	1101,504
1,53582	1102,679
1,53581	1099,394
1,5358	1096,179
1,53578	1101,559
1,53577	1099,354
1,53576	1102,453
1,53575	1100,447
1,53573	1101,42
1,53572	1100,465
1,53571	1100,486
1,5357	1100,408
1,53568	1100,354
1,53567	1097,231
1,53566	1098,575
1,53565	1099,158
1,53563	1098,042
1,53562	1100,311
1,53561	1098,285
1,5356	1099,392
1,53558	1094,62
1,53557	1101,157
1,53556	1099,131
1,53555	1095,839
1,53553	1095,921
1,53552	1097,112
1,53551	1101,53
1,5355	1094,51
1,53548	1096,926
1,53547	1098,083
1,53546	1103,667
1,53545	1100,448
1,53543	1098,142
1,53542	1101,428
1,53541	1100,328
1,5354	1100,455
1,53538	1102,608
1,53537	1099,239
1,53536	1094,81
1,53535	1101,363
1,53533	1102,534
1,53532	1100,31
1,53531	1096,891
1,5353	1101,403
1,53528	1097,736
1,53527	1097,758
1,53526	1100,282
1,53525	1102,392
1,53524	1103,569
1,53522	1100,296
1,53521	1105,7998
1,5352	1106,053
1,53519	1097,965
1,53517	1098,192
1,53516	1101,444
1,53515	1098,071
1,53514	1103,66
1,53512	1099,395
1,53511	1106,844
1,5351	1100,489
1,53509	1105,777
1,53507	1102,622
1,53506	1096,313
1,53505	1104,90509
1,53504	1100,561
1,53502	1107,732
1,53501	1109,039
1,535	1111,256
1,53499	1113,034
1,53497	1104,8493
1,53496	1111,007
1,53495	1114,997
1,53494	1113,022
1,53492	1115,33
1,53491	1120,15
1,5349	1113,162
1,53489	1117,98
1,53487	1115,2
1,53486	1119,21
1,53485	1129,52
1,53484	1117,17
1,53482	1123,52
1,53481	1118,29
1,5348	1127,79
1,53479	1133,23
1,53477	1137,17
1,53476	1147,96
1,53475	1151,94
1,53474	1165,71
1,53472	1198,03
1,53471	1225,3
1,5347	1279,2
1,53469	1324,5
1,53467	1545,7
1,53466	1988,8
1,53465	3232
1,53464	8932
1,53462	37165
1,53461	60125
1,5346	10499
1,53459	2362
1,53457	1463,4
1,53456	1320,8
1,53455	1257,2
1,53454	1199,99
1,53452	1181,4
1,53451	1167,44
1,5345	1160,19
1,53449	1149,5
1,53447	1133,88
1,53446	1125,42
1,53445	1123,2
1,53444	1126,86
1,53442	1115,06
1,53441	1113,952
1,5344	1115,23
1,53439	1111,616
1,53437	1128,19
1,53436	1115,22
1,53435	1114,085
1,53434	1098,84
1,53433	1110,569
1,53431	1105,8847
1,5343	1105,8616
1,53429	1105,8763
1,53428	1108,045
1,53426	1102,369
1,53425	1105,854
1,53424	1103,778
1,53423	1104,91449
1,53421	1103,618
1,5342	1106,926
1,53419	1104,7067
1,53418	1099,608
1,53416	1102,767
1,53415	1100,56
1,53414	1098,366
1,53413	1103,809
1,53411	1100,411
1,5341	1101,474
1,53409	1096,989
1,53408	1101,432
1,53406	1102,435
1,53405	1097,516
1,53404	1105,8987
1,53403	1097,223
1,53401	1097,314
1,534	1096,227
1,53399	1101,084
1,53398	1097,565
1,53396	1106,897
1,53395	1099,919
1,53394	1100,04
1,53393	1097,786
1,53391	1102,436
1,5339	1103,471
1,53389	1101,037
1,53388	1097,779
1,53387	1102,399
1,53385	1097,898
1,53384	1096,785
1,53383	1101,629
1,53382	1103,798
1,5338	1095,989
1,53379	1105,7768
1,53378	1101,506
1,53377	1101,665
1,53375	1097,528
1,53374	1100,449
1,53373	1103,551
1,53372	1103,75
1,5337	1103,59
1,53369	1099,589
1,53368	1105,7909
1,53367	1102,887
1,53365	1100,562
1,53364	1096,994
1,53363	1096,223
1,53362	1098,442
1,5336	1097,305
1,53359	1103,478
1,53358	1100,565
1,53357	1098,438
1,53355	1099,357
1,53354	1099,357
1,53353	1100,67
1,53352	1099,373
1,53351	1099,307
1,53349	1101,567
1,53348	1098,23
1,53347	1099,193
1,53346	1104,7593
1,53344	1100,282
1,53343	1102,403
1,53342	1096,968
1,53341	1104,4633
1,53339	1097,041
1,53338	1099,271
1,53337	1098,894
1,53336	1102,387
1,53334	1099,947
1,53333	1103,625
1,53332	1102,384
1,53331	1097,57
1,53329	1096,543
1,53328	1093,94
1,53327	1096,471
1,53326	1102,323
1,53324	1104,8947
1,53323	1100,041
1,53322	1104,8019
1,53321	1101,194
1,53319	1097,572
1,53318	1101,064
1,53317	1096,254
1,53316	1095,054
1,53315	1095,149
1,53313	1097,381
1,53312	1098,668
1,53311	1104,7078
1,5331	1098,594
1,53308	1100,906
1,53307	1102,089
1,53306	1098,695
1,53305	1098,682
1,53303	1094,9
1,53302	1097,613
1,53301	1102,129
1,533	1100,987
1,53298	1098,713
1,53297	1093,93
1,53296	1096,349
1,53295	1102,361
1,53293	1102,544
1,53292	1092,98
1,53291	1103,47
1,5329	1101,199
1,53289	1099,021
1,53287	1094,51
1,53286	1097,994
1,53285	1095,827
1,53284	1098,004
1,53282	1103,489
1,53281	1099,253
1,5328	1094,58
1,53279	1102,468
1,53277	1101,349
1,53276	1102,378
1,53275	1100,454
1,53274	1098,313
1,53272	1099,214
1,53271	1106,601
1,5327	1097,167
1,53269	1104,8617
1,53267	1102,648
1,53266	1098,212
1,53265	1100,313
1,53264	1100,389
1,53263	1101,488
1,53261	1101,402
1,5326	1099,354
1,53259	1099,375
1,53258	1100,385
1,53256	1104,6031
1,53255	1101,425
1,53254	1098,371
1,53253	1097,347
1,53251	1096,959
1,5325	1099,159
1,53249	1101,509
1,53248	1103,78
1,53246	1099,089
1,53245	1103,668
1,53244	1102,366
1,53243	1098,977
1,53241	1105,6811
1,5324	1105,8744
1,53239	1103,577
1,53238	1096,885
1,53237	1105,6064
1,53235	1103,507
1,53234	1106,928
1,53233	1108,345
1,53232	1104,6698
1,5323	1104,6336
1,53229	1098,441
1,53228	1097,433
1,53227	1101,057
1,53225	1095,112
1,53224	1105,9587
1,53223	1103,376
1,53222	1099,889
1,5322	1104,5997
1,53219	1108,364
1,53218	1109,464
1,53217	1100,022
1,53216	1108,189
1,53214	1104,6832
1,53213	1107,215
1,53212	1107,083
1,53211	1107,07
1,53209	1102,156
1,53208	1107,252
1,53207	1107,167
1,53206	1115,62
1,53204	1114,461
1,53203	1113,075
1,53202	1111,856
1,53201	1121,12
1,53199	1112,869
1,53198	1120,79
1,53197	1124,49
1,53196	1119,3
1,53195	1114,883
1,53193	1125,95
1,53192	1126,06
1,53191	1127,07
1,5319	1118,41
1,53188	1125,12
1,53187	1127,57
1,53186	1126,47
1,53185	1135,73
1,53183	1121,83
1,53182	1137,85
1,53181	1137,95
1,5318	1145,26
1,53178	1147,31
1,53177	1145,1
1,53176	1162,25
1,53175	1154,37
1,53174	1167,16
1,53172	1178,34
1,53171	1177,9
1,5317	1184,78
1,53169	1212,1
1,53167	1222,1
1,53166	1215,9
1,53165	1241,3
1,53164	1266,8
1,53162	1264,2
1,53161	1255,3
1,5316	1286,3
1,53159	1299,3
1,53158	1317,1
1,53156	1321,8
1,53155	1329,8
1,53154	1307,8
1,53153	1332,9
1,53151	1317,7
1,5315	1299,1
1,53149	1334,4
1,53148	1299,6
1,53146	1283,7
1,53145	1281,7
1,53144	1264,6
1,53143	1236,4
1,53141	1216,2
1,5314	1210,8
1,53139	1186,2
1,53138	1177,53
1,53137	1165,64
1,53135	1161,78
1,53134	1143,3
1,53133	1129,92
1,53132	1121,47
1,5313	1125,89
1,53129	1117,21
1,53128	1118,36
1,53127	1109,924
1,53125	1108,815
1,53124	1116,09
1,53123	1116,02
1,53122	1107,995
1,53121	1102,618
1,53119	1110,138
1,53118	1106,74
1,53117	1109,878
1,53116	1106,882
1,53114	1108,842
1,53113	1115,19
1,53112	1118,35
1,53111	1111,181
1,53109	1108,808
1,53108	1106,749
1,53107	1114,03
1,53106	1113,769
1,53105	1112,02
1,53103	1113,08
1,53102	1121,56
1,53101	1120,31
1,531	1114,256
1,53098	1119,84
1,53097	1129,41
1,53096	1121,05
1,53095	1134,54
1,53093	1127,03
1,53092	1134,48
1,53091	1122,23
1,5309	1130,46
1,53089	1134,23
1,53087	1131,19
1,53086	1139,91
1,53084	1126,91
1,53082	1132,05
1,53081	1139,57
1,5308	1127,32
1,53079	1127,17
1,53077	1128,11
1,53076	1124,36
1,53075	1125,74
1,53074	1123,79
1,53073	1120,14
1,53071	1105,8269
1,5307	1110,5
1,53069	1112,822
1,53068	1108,022
1,53066	1110,413
1,53065	1106,904
1,53064	1110,499
1,53063	1105,8358
1,53061	1102,556
1,5306	1100,077
1,53059	1101,391
1,53058	1094,85
1,53057	1103,724
1,53055	1099,122
1,53054	1099,079
1,53053	1102,51
1,53052	1100,137
1,5305	1102,46
1,53049	1097,009
1,53048	1101,556
1,53047	1102,535
1,53045	1103,499
1,53044	1100,433
1,53043	1099,066
1,53042	1102,597
1,53041	1096,186
1,53039	1098,3
1,53038	1102,38
1,53037	1102,452
1,53036	1099,477
1,53034	1100,498
1,53033	1098,55
1,53032	1099,53
1,53031	1099,571
1,5303	1102,596
1,53028	1096,512
1,53027	1097,248
1,53026	1102,455
1,53025	1099,663
1,53023	1099,357
1,53022	1095,17
1,53021	1104,7964
1,5302	1105,6857
1,53018	1099,274
1,53017	1097,379
1,53016	1101,792
1,53015	1104,7126
1,53014	1104,5812
1,53012	1098,192
1,53011	1102,571
1,5301	1099,518
1,53009	1101,597
1,53007	1098,613
1,53006	1099,558
1,53005	1103,584
1,53004	1092,99
1,53003	1098,494
1,53001	1098,159
1,53	1104,51


1,538	595,80308
1,53799	598,33
1,53798	600,85
1,53797	595,89538
1,53795	600,73638
1,53794	605,47615
1,53793	598,41154
1,53792	597,61769
1,5379	601,53231
1,53789	599,97038
1,53788	592,79077
1,53787	595,34
1,53785	598,34538
1,53784	602,30077
1,53783	595,26769
1,53782	599,79169
1,5378	600,65277
1,53779	598,98615
1,53778	600,74177
1,53777	598,28
1,53775	602,36846
1,53774	594,54462
1,53773	602,91077
1,53772	601,37692
1,5377	602,37846
1,53769	599,05077
1,53768	596,74769
1,53767	597,44692
1,53765	597,46692
1,53764	599,05615
1,53763	598,27154
1,53761	598,32385
1,5376	599,07923
1,53759	599,15385
1,53758	604,85923
1,53756	599,87608
1,53755	604,20769
1,53754	599,96549
1,53753	602,52923
1,53751	602,46077
1,5375	603,41615
1,53749	605,23538
1,53748	603,37462
1,53746	600,77615
1,53745	600,63285
1,53744	604,47308
1,53743	600,67377
1,53741	604,40846
1,5374	608,73846
1,53739	602,57615
1,53738	600,68054
1,53736	606,81077
1,53735	606,83462
1,53734	606,83231
1,53733	606,76231
1,53731	613,77692
1,5373	605,06538
1,53729	602,64769
1,53728	601,63615
1,53726	610,49231
1,53725	609,69231
1,53724	612,42308
1,53723	613,26154
1,53721	614,98462
1,5372	608,80769
1,53719	608,73077
1,53718	614,13077
1,53716	624,03846
1,53715	624,73077
1,53714	617,54615
1,53712	624,7
1,53711	641,1
1,5371	656,7
1,53709	648,53077
1,53707	665,83077
1,53706	643,37692
1,53705	653,43846
1,53704	648,33077
1,53702	656,25385
1,53701	653,81538
1,537	665,28462
1,53699	657,27692
1,53697	672,94615
1,53696	681,07692
1,53695	690
1,53694	704,92308
1,53692	718,46154
1,53691	708
1,5369	735,07692
1,53689	738,84615
1,53687	751,92308
1,53686	755,69231
1,53685	773,15385
1,53684	818,76923
1,53682	814,15385
1,53681	836,84615
1,5368	932,61538
1,53679	1075,61538
1,53677	1411,53846
1,53676	1625,38462
1,53675	1600
1,53674	1640
1,53672	2182,30769
1,53671	4190,76923
1,5367	12115,38462
1,53669	42130,76923
1,53667	54684,61538
1,53666	54715,38462
1,53665	54976,92308
1,53664	10500
1,53662	3762,30769
1,53661	4797,69231
1,5366	11815,38462
1,53659	35938,46154
1,53657	54676,92308
1,53656	54707,69231
1,53655	54823,07692
1,53654	12376,92308
1,53652	2652,30769
1,53651	1563,84615
1,5365	1246,23077
1,53649	1140,92308
1,53647	1196,30769
1,53646	1305,92308
1,53645	1238,30769
1,53644	1015,30769
1,53642	802,38462
1,53641	760,46154
1,5364	719,69231
1,53639	700,38462
1,53637	690,84615
1,53636	680,84615
1,53635	662,7
1,53634	648,93077
1,53632	645,74615
1,53631	640,45385
1,5363	627,83077
1,53629	633,58462
1,53627	630,32308
1,53626	629,55385
1,53625	630,20769
1,53623	625,46923
1,53622	623,88462
1,53621	616,54615
1,5362	620,72308
1,53618	610,32308
1,53617	616,48462
1,53616	618,79231
1,53615	603,07077
1,53613	608,69231
1,53612	610,92308
1,53611	615,77692
1,5361	613,38462
1,53608	602,28308
1,53607	607,80769
1,53606	612,45385
1,53605	603,94154
1,53603	603,82154
1,53602	607,11615
1,53601	607,18615
1,536	608,00769
1,53598	595,63
1,53597	604,81538
1,53596	599,90085
1,53595	601,50154
1,53593	598,97462
1,53592	607,34
1,53591	609
1,5359	603,21769
1,53588	594,85769
1,53587	602,34385
1,53586	599,71669
1,53585	607,36385
1,53583	594,74923
1,53582	606,47385
1,53581	601,50692
1,5358	599,78908
1,53578	601,37846
1,53577	595,67615
1,53576	604,17
1,53575	599,66715
1,53573	595,48692
1,53572	598,08846
1,53571	595,69462
1,5357	595,68615
1,53568	599,81631
1,53567	597,04385
1,53566	604,09154
1,53565	597,25
1,53563	599,88323
1,53562	594,79846
1,53561	598,19538
1,5356	599,68485
1,53558	604,11154
1,53557	602,34846
1,53556	594,71769
1,53555	603,35077
1,53553	598,98308
1,53552	602,38231
1,53551	596,40615
1,5355	599,06538
1,53548	599,01846
1,53547	597,27385
1,53546	598,96462
1,53545	598,90923
1,53543	596,39231
1,53542	599,83638
1,53541	596,37308
1,5354	598,11
1,53538	595,29077
1,53537	597,03462
1,53536	598,09385
1,53535	601,44077
1,53534	598,89923
1,53532	606,71
1,53531	601,47231
1,5353	598,24077
1,53529	600,55962
1,53527	594,76308
1,53526	597,26462
1,53525	595,51308
1,53524	600,64792
1,53522	596,51769
1,53521	594,01308
1,5352	601,43077
1,53519	595,71154
1,53517	594,12846
1,53516	600,52015
1,53515	599,92699
1,53514	600,56515
1,53512	599,71338
1,53511	597,54154
1,5351	597,65308
1,53509	599,00308
1,53507	594,32692
1,53506	595,07692
1,53505	600,55054
1,53504	598,24538
1,53502	601,59846
1,53501	597,46692
1,535	596,84923
1,53499	599,73192
1,53497	595,18538
1,53496	601,40385
1,53495	597,45385
1,53494	601,41462
1,53492	597,43923
1,53491	602,98231
1,5349	596,60308
1,53489	598,25769
1,53487	597,31923
1,53486	601,50615
1,53485	600,60192
1,53484	602,27462
1,53482	597,36923
1,53481	595,84231
1,5348	602,87462
1,53479	599,76008
1,53477	598,22615
1,53476	593,96077
1,53475	595,76692
1,53474	596,53077
1,53472	598,23154
1,53471	595,60077
1,5347	594,61462
1,53469	598,03692
1,53467	593,72769
1,53466	598,87923
1,53465	594,44692
1,53464	599,80285
1,53462	596,15231
1,53461	593,46462
1,5346	596,99769
1,53459	599,03231
1,53457	595,18538
1,53456	591,46923
1,53455	594,38769
1,53454	599,86262
1,53452	597,86538
1,53451	597,87308
1,5345	595,26846
1,53449	602,38154
1,53447	597,02385
1,53446	596,11462
1,53445	598,85615
1,53444	598,85385
1,53443	595,41462
1,53441	603,29154
1,5344	591,19231
1,53439	597,26077
1,53438	598,12385
1,53436	597,97615
1,53435	601,49231
1,53434	598,22692
1,53433	598,28923
1,53431	598,12231
1,5343	598,26077
1,53429	593,37385
1,53428	598,25769
1,53426	599,08385
1,53425	597,39
1,53424	600,60323
1,53423	599,90477
1,53421	600,61515
1,5342	598,12692
1,53419	595,54462
1,53418	598,11846
1,53416	596,26308
1,53415	593,34385
1,53414	597,94769
1,53413	591,25385
1,53411	595,94538
1,5341	596,03692
1,53409	593,27154
1,53408	591,50769
1,53406	593,24231
1,53405	596,09154
1,53404	599,80108
1,53403	595,35462
1,53401	602,53923
1,534	595,20923
1,53399	596,05308
1,53398	598,01538
1,53397	595,36154
1,53395	597,99692
1,53394	596,24308
1,53393	592,33615
1,53392	599,07538
1,5339	600,50577
1,53389	598,96077
1,53388	600,56423
1,53387	593,40154
1,53385	600,67254
1,53384	602,12462
1,53383	595,66923
1,53382	595,01154
1,5338	598,91538
1,53379	599,86469
1,53378	594,93
1,53377	600,81
1,53375	594,12154
1,53374	593,01385
1,53373	594,89462
1,53372	595,77923
1,5337	599,00769
1,53369	597,17308
1,53368	599,07615
1,53367	599,09538
1,53365	596,48
1,53364	599,76046
1,53363	594,22
1,53362	597,31462
1,53361	595,62077
1,53359	599,00462
1,53358	598,09462
1,53357	598,01462
1,53356	600,64154
1,53354	596,37077
1,53353	599,66846
1,53352	602,27385
1,53351	595,30462
1,53349	595,60154
1,53348	596,46077
1,53347	598,79154
1,53346	597,99
1,53344	589,89231
1,53343	598,94231
1,53342	598,88615
1,53341	598,78385
1,53339	596,18846
1,53338	599,62431
1,53337	598,86462
1,53336	597,04154
1,53334	599,01923
1,53333	597,98923
1,53332	601,66154
1,53331	600,72062
1,53329	599,79085
1,53328	598,81385
1,53327	600,635
1,53326	596,03154
1,53325	601,67
1,53323	604,42462
1,53322	601,68846
1,53321	595,09231
1,5332	598,82077
1,53318	599,66092
1,53317	598,69462
1,53316	605,42538
1,53315	597,01077
1,53313	598,80077
1,53312	604,68692
1,53311	604,37615
1,5331	607,22154
1,53308	603,55385
1,53307	603,57
1,53306	605,31077
1,53305	605,22077
1,53303	609,7
1,53302	613,66923
1,53301	607,62
1,533	611,19231
1,53299	605,04077
1,53297	609,33846
1,53296	607,60769
1,53295	608,45385
1,53294	612,56154
1,53292	607,31077
1,53291	613,36923
1,5329	613,3
1,53289	615,87692
1,53287	618,48462
1,53286	615,83077
1,53285	614,27692
1,53284	615,09231
1,53282	618,21538
1,53281	618,8
1,5328	613,13846
1,53279	611,53077
1,53277	610,67692
1,53276	616,38462
1,53275	618,63846
1,53274	614,57692
1,53273	635,13846
1,53271	617,64615
1,5327	611,2
1,53269	616,28462
1,53268	617,94615
1,53266	609,6
1,53265	616,2
1,53264	610,49231
1,53263	610,56154
1,53261	621,16154
1,5326	618,83077
1,53259	610,67692
1,53258	610
1,53256	610,8
1,53255	611,06923
1,53254	610,08462
1,53253	611,83846
1,53251	613,57692
1,5325	607,64308
1,53249	611,08462
1,53248	617,45385
1,53247	618,13077
1,53245	606,89
1,53244	605,08308
1,53243	612,56923
1,53242	607,96923
1,5324	616,3
1,53239	608,79231
1,53238	616,28462
1,53237	610,71538
1,53235	606,19
1,53234	609,97692
1,53233	614,53077
1,53232	604,46154
1,5323	609,02308
1,53229	613,79231
1,53228	611,82308
1,53227	619,53846
1,53226	621,16154
1,53224	617,7
1,53223	613,08462
1,53222	620,60769
1,53221	614,01538
1,53219	616,83846
1,53218	616,91538
1,53217	606,38615
1,53216	620,34615
1,53214	618,43077
1,53213	625,51538
1,53212	626,11538
1,53211	620,47692
1,53209	615,87692
1,53208	623,7
1,53207	623,81538
1,53206	638,98462
1,53205	631,76923
1,53203	634,15385
1,53202	633,46923
1,53201	641,02308
1,532	648,46923
1,53198	656,47692
1,53197	671,06154
1,53196	655,33846
1,53195	666,08462
1,53193	662,93846
1,53192	662,26923
1,53191	674,85385
1,5319	666,57692
1,53188	677,07692
1,53187	688,61538
1,53186	691
1,53185	685,92308
1,53184	706,46154
1,53182	699,53846
1,53181	706,07692
1,5318	711,07692
1,53179	724,23077
1,53177	737,61538
1,53176	723,46154
1,53175	727
1,53174	743,69231
1,53172	760,69231
1,53171	773,92308
1,5317	767,07692
1,53169	780,84615
1,53168	780,61538
1,53166	786,84615
1,53165	798,30769
1,53164	808,07692
1,53163	806,61538
1,53161	804,76923
1,5316	811,53846
1,53159	822,38462
1,53158	833,38462
1,53156	855,46154
1,53154	829,61538
1,53153	819,07692
1,53151	818,92308
1,5315	850,76923
1,53149	801,38462
1,53148	831,46154
1,53147	798,61538
1,53145	781,38462
1,53144	779,15385
1,53143	760,38462
1,53142	746,07692
1,5314	741,15385
1,53139	738,46154
1,53138	731,07692
1,53137	698
1,53135	700
1,53134	690,30769
1,53133	694,61538
1,53132	686,84615
1,53131	685,46154
1,53129	674,33846
1,53128	688,76923
1,53127	681,61538
1,53126	669,81538
1,53124	670,2
1,53123	670,53846
1,53122	656,78462
1,53121	675,33846
1,53119	674,86923
1,53118	678,61538
1,53117	679,38462
1,53116	681
1,53115	691,46154
1,53113	703,53846
1,53112	693,76923
1,53111	749,46154
1,5311	763
1,53108	751,30769
1,53107	753,61538
1,53106	771,23077
1,53105	783,23077
1,53103	797,15385
1,53102	818,07692
1,53101	875,07692
1,531	866,76923
1,53099	896,07692
1,53097	913,92308
1,53096	958,15385
1,53095	993,76923
1,53094	988
1,53092	1011,30769
1,53091	1001,76923
1,5309	1027,46154
1,53089	1043,07692
1,53087	1052,07692
1,53086	1074,92308
1,53085	1059
1,53084	1036,15385
1,53083	1042,30769
1,53081	988,61538
1,5308	986,69231
1,53079	935,69231
1,53078	924,46154
1,53076	912,38462
1,53075	873,61538
1,53074	854,61538
1,53073	846,84615
1,53071	813,23077
1,5307	822,53846
1,53069	781,76923
1,53068	790,84615
1,53067	740,15385
1,53065	745,30769
1,53064	725,76923
1,53063	713,53846
1,53062	691,38462
1,5306	703,30769
1,53059	690,69231
1,53058	686,92308
1,53057	683,61538
1,53055	658,66923
1,53054	658,97692
1,53053	667,37692
1,53052	659,71538
1,53051	651,13077
1,53049	640,46923
1,53048	638,09231
1,53047	634,78462
1,53046	646,75385
1,53044	639,36154
1,53043	637,75385
1,53042	631,92308
1,53041	624,79231
1,5304	630,36923
1,53038	626,47692
1,53037	629,55385
1,53036	634,6
1,53035	621,16923
1,53033	621,65385
1,53032	615,24615
1,53031	621,05385
1,5303	616,08462
1,53028	621,74615
1,53027	621,84615
1,53026	626,86923
1,53025	619,28462
1,53024	618,38462
1,53022	610,99231
1,53021	621,58462
1,5302	611,06923
1,53019	613,52308
1,53017	608,79231
1,53016	607,13231
1,53015	612,75385
1,53014	609,71538
1,53013	613,96923
1,53011	608,76154
1,5301	610,36923
1,53009	614,63077
1,53008	609,70769
1,53006	607,29231
1,53005	605,56692
1,53004	606,51077
1,53003	603,09154
1,53001	607,36385
1,53	598,89385


1,538	592,38592
1,53799	583,72936
1,53797	613,02544
1,53796	598,64536
1,53795	589,67992
1,53793	613,07032
1,53792	578,1616
1,53791	575,8648
1,5379	598,69552
1,53788	596,18752
1,53787	593,95144
1,53786	599,24728
1,53785	585,9496
1,53783	596,63104
1,53782	596,52016
1,53781	595,92088
1,5378	596,6548
1,53778	598,99384
1,53777	588,57112
1,53776	601,7764
1,53775	590,61184
1,53773	598,93576
1,53772	582,676
1,53771	601,9612
1,5377	601,42
1,53768	588,73744
1,53767	607,34944
1,53766	603,92008
1,53765	596,05552
1,53763	591,62824
1,53762	590,90224
1,53761	593,48416
1,5376	587,49664
1,53758	592,98256
1,53757	587,31712
1,53756	598,47376
1,53754	604,24744
1,53753	595,55656
1,53752	581,5408
1,53751	601,04512
1,53749	592,33048
1,53748	589,4344
1,53747	606,92176
1,53746	594,83056
1,53744	597,37816
1,53743	603,64024
1,53742	588,30976
1,53741	600,22408
1,53739	603,51616
1,53738	603,04624
1,53737	597,9484
1,53736	603,15976
1,53734	600,69664
1,53733	597,394
1,53732	597,68968
1,53731	591,15832
1,53729	591,23488
1,53728	585,57472
1,53727	603,52408
1,53726	594,3184
1,53724	600,63064
1,53723	603,55312
1,53722	598,13584
1,53721	603,55312
1,53719	609,48863
1,53718	612,64
1,53717	612,58271
1,53716	609,43478
1,53714	600,27688
1,53713	624,93448
1,53712	609,4691
1,53711	597,34384
1,53709	615,88456
1,53708	621,35464
1,53707	618,4744
1,53705	630,89824
1,53704	627,70912
1,53703	606,3832
1,53702	633,38776
1,537	615,62584
1,53699	648,3064
1,53698	624,57808
1,53697	630,9352
1,53695	627,82528
1,53694	639,9376
1,53693	642,5248
1,53692	666,9184
1,5369	678,5608
1,53689	660,9784
1,53688	649,1776
1,53687	672,9904
1,53685	688,3024
1,53684	709,8976
1,53683	739,6768
1,53682	721,1176
1,5368	753,616
1,53679	791,6848
1,53678	847,4152
1,53677	890,368
1,53675	908,056
1,53674	1062,232
1,53673	1471,168
1,53672	2174,464
1,5367	4601,68
1,53669	14081,92
1,53668	61963,6
1,53667	145018
1,53665	33451,6
1,53664	4044,64
1,53663	1410,976
1,53662	1066,192
1,5366	965,08
1,53659	874,792
1,53658	789,652
1,53657	788,0152
1,53655	735,8752
1,53654	727,4272
1,53653	692,5792
1,53652	675,604
1,5365	657,8632
1,53649	683,1544
1,53648	669,8752
1,53647	637,5616
1,53645	648,8872
1,53644	611,97604
1,53643	598,384
1,53642	635,24104
1,5364	603,75904
1,53639	598,4896
1,53638	612,2741
1,53637	611,95334
1,53635	592,72912
1,53634	623,17096
1,53633	612,30102
1,53632	595,65424
1,5363	615,01864
1,53629	604,6408
1,53628	609,67396
1,53627	603,76432
1,53625	609,51371
1,53624	597,67648
1,53623	592,98256
1,53622	612,01643
1,5362	600,9844
1,53619	593,02744
1,53618	592,73176
1,53616	604,05208
1,53615	598,92784
1,53614	611,94119
1,53613	606,95608
1,53611	590,7148
1,5361	593,13568
1,53609	601,38568
1,53608	609,67422
1,53606	609,84741
1,53605	592,94032
1,53604	607,00624
1,53603	595,83112
1,53601	585,07312
1,536	593,32048
1,53599	598,19656
1,53598	593,38384
1,53596	595,52752
1,53595	603,7564
1,53594	587,21416
1,53593	601,25896
1,53591	586,64128
1,5359	587,0848
1,53589	592,64992
1,53588	603,73792
1,53586	595,06024
1,53585	603,87256
1,53584	603,76696
1,53583	598,15696
1,53581	595,20808
1,5358	606,568
1,53579	594,64576
1,53578	606,58648
1,53576	583,4152
1,53575	595,17904
1,53574	603,78016
1,53573	603,57688
1,53571	600,56728
1,5357	595,16056
1,53569	587,35144
1,53568	600,29008
1,53566	591,63088
1,53565	591,79984
1,53564	604,07848
1,53563	601,156
1,53561	603,42112
1,5356	596,88448
1,53559	597,46
1,53558	582,8608
1,53556	606,65248
1,53555	595,12096
1,53554	585,99448
1,53553	603,00664
1,53551	591,6388
1,5355	591,73912
1,53549	600,63856
1,53548	606,80296
1,53546	588,96976
1,53545	588,82984
1,53544	603,532
1,53543	592,13776
1,53541	591,90544
1,5354	577,2376
1,53539	606,44656
1,53538	591,6124
1,53536	597,6184
1,53535	585,79648
1,53534	597,5524
1,53533	591,46984
1,53531	590,82304
1,5353	575,9704
1,53529	603,45808
1,53528	600,15544
1,53527	585,4612
1,53525	591,67312
1,53524	603,28912
1,53523	606,90328
1,53522	600,21088
1,5352	609,4823
1,53519	589,01728
1,53518	591,70744
1,53517	589,18096
1,53515	589,5136
1,53514	597,92464
1,53513	586,87888
1,53512	600,87352
1,5351	598,1728
1,53509	598,05136
1,53508	596,13208
1,53507	587,35144
1,53505	598,08568
1,53504	590,6488
1,53503	599,2156
1,53502	595,63312
1,535	601,42792
1,53499	587,64712
1,53498	590,1076
1,53497	582,2272
1,53495	596,43568
1,53494	606,71584
1,53493	591,09496
1,53492	592,84264
1,5349	601,62592
1,53489	603,92008
1,53488	603,9808
1,53487	593,03536
1,53485	601,21144
1,53484	587,11384
1,53483	595,57768
1,53482	609,57258
1,5348	603,56632
1,53479	612,39263
1,53478	595,45096
1,53477	590,08648
1,53475	587,13496
1,53474	595,7308
1,53473	584,19928
1,53472	600,88672
1,5347	595,5592
1,53469	594,87808
1,53468	595,47208
1,53467	589,50568
1,53465	606,82672
1,53464	600,74944
1,53463	591,51736
1,53462	603,26272
1,5346	576,3664
1,53459	590,8204
1,53458	603,3208
1,53457	590,69896
1,53455	590,56696
1,53454	593,81416
1,53453	596,5756
1,53452	603,58216
1,5345	590,3848
1,53449	589,97296
1,53448	590,73856
1,53447	603,40528
1,53445	581,1184
1,53444	593,4208
1,53443	590,67256
1,53442	596,48584
1,5344	596,67856
1,53439	599,76472
1,53438	593,66896
1,53437	593,7376
1,53436	594,26296
1,53434	594,41608
1,53433	612,27462
1,53432	594,74344
1,53431	597,76888
1,53429	591,56224
1,53428	595,0444
1,53427	583,90096
1,53426	590,01784
1,53424	597,95896
1,53423	601,26688
1,53422	600,98704
1,53421	598,516
1,53419	601,35664
1,53418	598,2784
1,53417	578,5048
1,53416	592,77136
1,53414	600,73096
1,53413	597,80848
1,53412	582,9928
1,53411	600,58048
1,53409	588,09856
1,53408	590,24224
1,53407	606,09544
1,53406	598,9648
1,53404	596,08456
1,53403	599,5852
1,53402	602,85088
1,53401	593,54488
1,53399	596,206
1,53398	593,4736
1,53397	606,21424
1,53396	587,85304
1,53394	593,94088
1,53393	602,86144
1,53392	602,61856
1,53391	597,06136
1,5339	603,13336
1,53388	588,28072
1,53387	588,3124
1,53386	592,39912
1,53385	592,51264
1,53383	603,2284
1,53382	581,1448
1,53381	609,14622
1,5338	592,89016
1,53378	598,53712
1,53377	592,4704
1,53376	606,17464
1,53375	595,64368
1,53373	595,26616
1,53372	595,71496
1,53371	609,3041
1,5337	604,42168
1,53368	603,92272
1,53367	603,06472
1,53366	595,30312
1,53365	603,99928
1,53363	598,14112
1,53362	603,14128
1,53361	584,05936
1,5336	592,67632
1,53358	592,28296
1,53357	592,2856
1,53356	598,5688
1,53355	589,50568
1,53354	606,28024
1,53352	592,46776
1,53351	592,1272
1,5335	597,50752
1,53349	586,66504
1,53347	606,04528
1,53346	591,70744
1,53345	597,49696
1,53344	593,88544
1,53342	580,1152
1,53341	594,87544
1,5334	584,90152
1,53339	600,08944
1,53337	593,60824
1,53336	600,22408
1,53335	587,6788
1,53334	602,73736
1,53332	600,00232
1,53331	608,71062
1,5333	590,58544
1,53329	590,58544
1,53327	585,00976
1,53326	603,09904
1,53325	603,25216
1,53324	606,2116
1,53322	596,68648
1,53321	596,44888
1,5332	593,22808
1,53319	609,01449
1,53318	596,68912
1,53316	596,30368
1,53315	599,71456
1,53314	580,3
1,53313	583,4416
1,53311	589,54792
1,5331	589,49512
1,53309	599,76736
1,53308	602,9512
1,53306	599,44528
1,53305	590,49832
1,53304	595,96312
1,53303	592,972
1,53301	587,00296
1,533	609,48942
1,53299	596,63896
1,53298	581,2504
1,53296	597,39664
1,53295	590,3716
1,53294	593,8828
1,53293	606,02152
1,53292	591,20848
1,5329	606,2116
1,53289	585,55624
1,53288	591,69688
1,53287	585,66448
1,53285	594,37912
1,53284	606,45712
1,53283	600,04192
1,53282	591,66256
1,5328	600,36136
1,53279	591,41176
1,53278	597,99856
1,53277	598,1332
1,53275	591,84472
1,53274	599,87032
1,53273	609,33657
1,53272	603,93064
1,5327	603,79072
1,53269	597,78208
1,53268	600,45376
1,53267	606,30664
1,53266	603,55048
1,53264	600,50128
1,53263	606,32248
1,53262	595,15
1,53261	594,98104
1,53259	594,79096
1,53258	580,7752
1,53257	609,39729
1,53256	592,62088
1,53254	597,30424
1,53253	588,86416
1,53252	595,05232
1,53251	595,23184
1,53249	591,4672
1,53248	585,73048
1,53247	591,17152
1,53246	588,14872
1,53244	587,90056
1,53243	597,35704
1,53242	594,29728
1,53241	585,56416
1,5324	593,41024
1,53238	602,99344
1,53237	593,46832
1,53236	587,64976
1,53235	599,72248
1,53233	593,22544
1,53232	589,51888
1,53231	599,506
1,5323	599,59048
1,53228	593,36536
1,53227	587,15872
1,53226	589,78288
1,53225	583,70296
1,53223	596,13208
1,53222	596,4568
1,53221	612,18803
1,5322	609,69191
1,53219	605,57536
1,53217	602,67928
1,53216	599,56936
1,53215	589,408
1,53214	599,06248
1,53212	615,54928
1,53211	596,40928
1,5321	615,72088
1,53209	612,30894
1,53207	599,87824
1,53206	606,07432
1,53205	593,89072
1,53204	609,42078
1,53202	603,18088
1,53201	615,07672
1,532	625,13248
1,53199	617,7484
1,53198	606,46768
1,53196	629,94784
1,53195	624,124
1,53193	612,66112
1,53191	609,23968
1,5319	612,1875
1,53189	621,25432
1,53188	618,29752
1,53186	624,31672
1,53185	609,04458
1,53184	627,19168
1,53183	633,79168
1,53181	620,85832
1,5318	630,49168
1,53179	639,5416
1,53178	627,67744
1,53177	667,3408
1,53175	658,8136
1,53174	699,5224
1,53173	653,164
1,53172	701,4232
1,5317	695,272
1,53169	723,8104
1,53168	716,5504
1,53167	741,5248
1,53165	746,3824
1,53164	762,592
1,53163	776,3728
1,53162	758,4472
1,53161	785,5072
1,53159	781,3888
1,53158	858,3184
1,53157	840,2608
1,53156	836,6704
1,53155	822,73715
1,53154	816,30486
1,53152	822,73715
1,53151	857,4208
1,53149	824,6056
1,53148	790,444
1,53147	733,7632
1,53146	754,3552
1,53144	696,6976
1,53143	690,7312
1,53142	673,2016
1,53141	689,5168
1,5314	654,484
1,53138	645,904
1,53137	656,1736
1,53136	628,98424
1,53135	634,17448
1,53133	626,368
1,53132	622,8436
1,53131	620,38576
1,5313	612,03386
1,53128	614,60944
1,53127	609,32442
1,53126	606,53896
1,53125	620,61808
1,53124	614,60944
1,53122	598,86184
1,53119	603,928
1,53117	622,89112
1,53116	606,55216
1,53115	603,94912
1,53114	612,55473
1,53112	609,07811
1,53111	609,09395
1,5311	620,032
1,53109	611,2276
1,53108	614,85232
1,53106	612,16823
1,53105	631,7008
1,53104	611,7461
1,53103	620,50192
1,53101	606,80296
1,531	623,01784
1,53099	626,41024
1,53098	626,75608
1,53096	644,4784
1,53095	642,7096
1,53094	630,95896
1,53093	643,0264
1,53092	652,8472
1,5309	644,2672
1,53089	639,55739
1,53087	640,77116
1,53083	652,372
1,53082	638,8288
1,5308	628,52224
1,53079	618,71728
1,53078	600,1792
1,53077	614,96584
1,53076	599,65912
1,53074	602,82712
1,53073	605,94496
1,53072	602,9776
1,53071	593,41024
1,53069	593,71648
1,53068	581,5672
1,53067	594,47152
1,53066	606,33832
1,53064	589,07272
1,53063	591,22696
1,53062	600,47224
1,53061	615,26152
1,5306	594,95992
1,53058	591,5596
1,53057	600,21616
1,53056	615,16648
1,53055	588,34144
1,53053	612,10936
1,53052	591,81832
1,53051	600,90784
1,5305	591,87112
1,53048	585,79384
1,53047	595,084
1,53046	602,84824
1,53045	598,02232
1,53044	586,73104
1,53042	597,90352
1,53041	600,27424
1,5304	600,47224
1,53039	595,41928
1,53037	606,43336
1,53036	595,73872
1,53035	595,5592
1,53034	606,7132
1,53033	581,5408
1,53031	598,64536
1,5303	595,07344
1,53029	594,91768
1,53028	607,10128
1,53026	597,89032
1,53025	592,43608
1,53024	601,0636
1,53023	589,32352
1,53021	603,29704
1,5302	592,67632
1,53019	604,32928
1,53018	578,5576
1,53017	606,10336
1,53015	597,59992
1,53014	595,26088
1,53013	601,05304
1,53012	612,09378
1,5301	595,90504
1,53009	584,53456
1,53008	603,466
1,53007	609,41181
1,53006	584,32864
1,53004	597,60256
1,53003	597,35704
1,53002	577,66
1,53001	606,30928


1,5317	261,25
1,53186	245,5
1,53203	506,5
1,53211	151
1,5322	-193,25
1,53238	-449,75
1,53249	-467,75
1,53259	-452
1,53269	-373,25
1,53276	-274,38561
1,53292	-294,134
1,53303	-251,0825
1,53309	-125,87771
1,53314	-26,74078
1,5332	67,75
1,53331	-114,5
1,53334	-164
1,53343	-326
1,53349	-368,75
1,53356	-391,25
1,53358	-407
1,53365	-458,75
1,5338	-510,5
1,5339	-528,5
1,53397	-531,90462
1,53406	-535,45933
1,53411	-537,5
1,53422	-503,75
1,53426	-508,25
1,53431	-470
1,53436	-427,25
1,53441	-398
1,53446	-332,75
1,53456	-224,75
1,53462	-139,25
1,53472	-166,25
1,53477	-218
1,53487	-299
1,53492	-371
1,53496	-427,25
1,53502	-456,5
1,53507	-530,75
1,53522	-569
1,53529	-571,25
1,53532	-571,25
1,53536	-575,75
1,53542	-575,75
1,53552	-580,25
1,53561	-584,83031
1,53572	-596
1,53583	-594,70451
1,53593	-596
1,53599	-598,25
1,53604	-591,5
1,53611	-586,56612
1,53621	-576,45041
1,53623	-582,5
1,53634	-580,25
1,53643	-555,5
1,53652	-528,5
1,53663	-454,25
1,53665	-432,64876
1,5367	-404,79339
1,53679	-384,76033
1,53692	-399,41322
1,53712	-507,47521
1,53723	-550,18182
1,53745	-588,5124
1,53754	-599,14876
1,5376	-601,14463
1,53768	-600,76033
1,53774	-609,8843
1,53781	-611,57025
1,53789	-611,92975
